#3264 4536
0 499
3 562
4 1221
4 2968
6 2738
8 268
8 1601
9 1790
10 2679
13 2804
14 1332
14 1716
14 2834
17 312
17 3062
18 35
18 687
18 728
18 3031
19 854
19 1219
19 2978
21 349
21 1547
23 1102
24 63
24 1600
24 1717
24 2080
24 2519
24 2713
24 2927
25 2170
27 964
28 739
30 928
31 456
31 835
31 2946
32 829
32 1529
32 1723
33 135
33 3126
34 1464
36 60
39 2847
40 2709
41 110
41 275
41 532
41 886
41 1085
41 2128
41 2612
41 2694
41 3051
45 330
45 671
46 870
47 1315
47 2611
47 2800
47 2866
47 3244
48 516
49 1462
50 3073
52 2781
53 838
54 771
54 2391
55 1404
55 3113
57 1696
57 2439
58 67
58 2982
61 322
61 624
62 2350
65 585
65 980
65 1736
65 2044
65 2092
70 3049
72 2591
74 528
74 910
74 1759
74 2120
74 2323
74 2961
78 608
78 692
78 747
78 2028
80 52
80 368
80 400
80 2213
80 2591
80 2678
81 773
84 2712
86 861
87 564
87 598
87 717
87 3013
88 594
88 3009
89 2659
90 29
90 541
91 2162
93 1426
93 2584
95 1289
95 1660
95 2421
96 2493
100 941
101 32
101 326
101 644
101 795
101 1055
101 1406
101 1633
101 1641
102 249
102 923
102 1368
103 1788
104 3161
106 204
108 814
108 1180
109 2273
109 2889
110 163
110 3082
111 752
111 981
111 2110
111 2194
111 2219
111 2652
113 1342
113 1878
113 2744
113 3243
114 601
119 512
119 1645
119 2190
119 2462
120 2777
121 489
122 1608
122 1735
123 338
125 627
125 1142
125 1523
128 57
128 830
128 1814
128 2389
129 1105
130 7
130 390
130 523
130 646
130 668
130 746
130 873
130 1193
130 1265
130 1873
130 1964
130 2029
130 2101
130 2551
130 2652
130 2843
130 3004
131 3209
132 176
132 344
132 646
132 807
132 1390
132 1916
132 2278
132 2345
132 2487
132 2732
132 2905
133 802
133 1162
133 1992
133 2286
133 3258
134 1240
134 1742
134 3070
135 3126
136 741
138 1319
139 894
139 1025
139 1238
139 2021
139 2909
140 1652
140 2889
142 552
143 2802
144 367
144 1238
148 1849
149 2095
149 3205
150 2155
153 1324
153 1479
155 441
155 2686
156 574
157 1293
157 3137
158 2681
158 2692
159 79
159 364
159 1603
159 1808
159 1813
159 1903
159 2191
159 2467
159 3024
159 3083
159 3244
160 2177
162 76
162 1422
163 2474
164 1607
168 671
168 1447
170 1216
171 207
171 1758
174 33
174 1471
174 1519
176 2345
178 314
178 2282
180 879
181 1098
184 3015
185 1965
189 540
190 2834
191 1971
193 475
194 903
195 1363
195 2035
195 2516
195 3071
198 1104
199 1218
199 2986
200 1991
201 1596
202 133
202 1207
203 1781
203 2783
204 1166
204 1638
204 1894
204 2157
204 2430
204 2548
204 2663
204 2911
204 3182
208 719
208 2514
208 2671
209 744
209 1932
209 2922
210 2580
212 2299
212 3152
215 2265
217 696
217 2193
218 1784
218 3005
220 2279
223 1217
224 670
224 1622
224 2603
225 308
226 577
226 2047
226 2822
228 1132
231 1387
231 1998
232 219
234 1357
234 2958
236 165
236 1711
238 635
238 2062
240 194
240 1212
240 2455
241 258
241 2950
244 1088
245 1268
249 599
250 2326
252 1438
254 42
254 177
254 1334
254 2114
254 2212
254 2255
254 2892
257 3013
259 459
259 1540
261 1559
261 1828
261 3020
262 2373
262 2498
262 3200
263 30
263 928
263 1887
267 503
269 1
269 26
269 531
269 925
269 1013
269 1037
269 1118
269 2027
269 2531
269 3018
269 3196
271 87
271 1247
271 2081
272 276
272 1060
272 1159
272 1581
272 3233
274 1850
274 2995
275 163
275 364
275 1085
275 2401
275 2694
278 2257
279 677
279 1286
279 2971
280 416
280 623
280 1207
280 1726
281 335
281 825
281 2232
285 581
287 169
288 1294
288 1709
288 1808
288 2892
289 20
289 2631
290 1168
292 539
292 798
292 1323
292 1463
292 1875
292 2124
292 2138
292 2273
292 2338
292 2513
292 2713
292 3065
295 1045
296 822
296 1365
297 2840
298 637
298 691
298 1838
298 2029
298 2032
298 2551
298 2621
299 63
300 821
300 3103
301 1067
303 1251
303 2358
303 2884
303 2996
303 3129
304 2490
305 1343
306 1351
307 1259
309 2935
310 254
310 301
310 417
310 803
310 1634
310 2375
310 2464
313 1903
314 146
315 1682
315 2069
319 1065
319 1810
319 2855
321 1188
321 1518
321 2090
323 988
323 1541
324 772
324 1639
324 2917
324 3149
327 1419
327 1586
329 272
329 1270
329 1502
329 1579
329 1614
331 78
331 747
331 1483
332 1476
336 2189
338 3116
340 793
340 1638
340 2066
341 998
342 2179
343 1756
344 176
345 3150
346 416
346 939
346 2841
346 2954
349 1547
350 1141
350 2919
350 3134
351 2992
352 2931
355 315
355 516
355 520
355 762
355 937
355 1156
355 1469
355 2485
355 2620
355 2626
358 1080
358 1925
359 1637
359 2771
363 2727
364 47
364 1866
364 2243
364 3168
365 600
368 52
368 141
371 2407
372 2977
373 2515
374 2906
376 2048
376 2219
378 2811
379 1105
380 1493
380 1877
381 1773
384 857
385 2626
393 980
393 991
393 1920
393 2174
393 3112
394 182
396 3020
397 1255
398 745
398 1301
398 2947
398 3155
398 3222
399 1222
399 1299
400 1809
403 2525
404 2124
405 1215
407 333
409 289
409 1698
410 2586
412 231
412 418
412 3216
414 2506
414 3072
415 785
415 1721
415 2150
415 2172
415 2710
416 2103
417 42
417 177
417 1334
417 2114
417 2255
417 2892
418 231
418 1434
420 12
420 554
420 751
420 1127
420 2108
420 2887
421 331
421 342
421 976
421 1220
421 1530
421 2258
421 2400
421 2703
421 2987
421 3064
421 3172
422 1514
424 348
424 2436
426 940
426 1416
426 1908
426 2591
426 2798
429 995
430 2573
433 45
433 671
434 1307
434 1661
434 3203
438 1423
438 2632
439 3201
440 248
440 944
440 1318
440 2013
445 1124
447 1595
448 2977
450 1258
451 55
451 1950
451 2198
451 2481
456 391
457 645
457 1487
457 2427
458 1238
458 1601
459 1191
460 577
460 2803
463 1415
465 406
467 2228
468 243
468 2052
469 2936
470 1706
472 2858
474 545
474 1490
477 2119
479 1354
480 1696
481 14
481 184
481 1639
481 2006
482 668
482 1199
482 2647
482 2784
484 1161
484 2421
486 606
486 1415
489 198
491 1610
493 186
493 2415
495 1629
496 1704
498 455
500 2648
500 3022
501 2364
501 2486
502 265
504 355
505 1017
507 2433
508 579
509 1773
510 3022
512 2190
512 2462
513 1676
514 1037
514 2027
514 2531
517 794
522 256
522 343
523 111
523 1964
523 2097
523 3004
525 1326
526 82
526 2184
529 1209
530 760
530 1117
530 1652
532 163
532 185
532 288
532 364
532 806
532 897
532 2126
532 2370
532 2694
532 2818
532 2882
532 3082
532 3115
533 2460
534 2146
539 1643
542 1579
542 1975
542 2127
544 1999
544 2610
546 1679
547 1625
548 2997
549 453
549 752
550 2779
551 835
552 1104
552 1180
554 227
554 477
554 1608
555 954
555 2245
555 2832
555 3176
557 3119
558 2554
559 1609
560 58
560 67
560 2982
563 486
563 606
563 1415
563 2989
564 99
564 1565
565 1786
566 1795
568 267
568 410
568 503
568 561
568 684
568 965
568 1304
568 1587
568 1889
568 2586
568 2599
568 2699
569 2973
570 451
571 1506
573 2418
575 427
575 2042
575 2704
576 891
577 387
577 766
577 1145
577 1649
577 2047
577 2206
577 2822
578 225
578 792
578 1549
578 1824
580 2014
583 1833
587 3186
589 2186
590 2224
592 375
595 210
595 977
596 2658
598 99
598 257
598 564
599 1160
599 3007
602 2577
607 909
609 512
609 1236
609 3199
613 2983
614 1039
617 1092
617 1390
617 2621
617 2644
617 2753
618 862
619 2286
620 130
620 196
620 428
620 799
620 809
620 1202
620 1294
620 1312
620 2426
620 2652
620 2682
620 3082
623 1726
623 2719
625 2338
625 2477
628 1164
629 331
629 388
629 1437
629 1483
629 1530
629 1551
629 1825
630 73
630 1787
632 1886
636 3026
637 1232
637 1350
638 134
638 973
639 2240
639 2584
640 824
640 2560
642 3132
644 968
644 1363
645 77
645 275
645 532
645 574
645 620
645 756
645 788
645 999
645 1223
645 1315
645 1834
645 1877
645 1905
645 2097
645 2440
645 2552
645 2561
645 2612
645 2688
645 2783
645 2814
645 2878
645 3053
645 3054
645 3094
645 3218
646 255
646 913
646 2657
647 2723
647 2894
648 580
648 1854
649 1733
651 224
651 1623
651 1822
651 2263
651 2891
651 2981
652 763
653 2634
655 2885
656 350
656 1141
656 1158
656 1503
656 2097
656 2219
656 2667
657 3204
658 270
659 1045
661 948
662 118
663 1130
665 937
665 2395
666 356
667 809
667 1312
668 183
668 329
668 350
668 1109
668 1158
668 1232
668 1233
668 1350
668 1503
668 1772
668 2370
668 2601
668 3148
671 330
673 1442
674 1998
676 698
676 1083
676 1346
676 1453
676 1677
676 1717
676 2436
676 2538
676 2572
676 2747
676 2927
676 3130
677 269
677 1899
677 2793
678 2774
680 1180
682 1963
683 675
683 1284
683 1292
683 1619
683 1904
683 2219
683 3004
684 1364
685 221
685 783
688 508
690 469
690 685
690 3068
691 652
693 2156
694 986
696 1004
696 1235
696 1349
696 2064
696 2091
696 2341
696 2730
696 2790
697 2545
699 660
699 754
701 711
701 801
701 1836
701 2640
702 2049
704 1773
705 3121
706 226
706 347
706 443
706 460
706 577
706 643
706 663
706 766
706 1145
706 1649
706 1899
706 2027
706 2047
706 2457
706 2487
706 2532
706 2543
706 2549
706 2648
706 2711
706 3256
707 2923
708 1284
708 1327
708 1904
708 1927
708 2180
708 2978
709 653
709 1736
711 801
713 726
713 1460
713 2166
714 44
714 2962
716 1002
718 827
719 1989
720 974
720 1252
721 1854
723 1258
725 566
725 1630
726 112
726 2008
727 612
727 1493
727 2869
729 2881
730 1881
731 2361
733 1348
734 2348
738 3035
742 2879
744 2182
744 2254
744 3088
745 1948
745 3155
745 3222
746 529
746 829
747 608
747 2028
749 2948
750 1260
753 593
753 2969
755 86
755 1174
755 2596
756 1350
758 172
758 1804
758 1876
758 2149
759 228
762 22
762 454
762 1717
764 2174
764 2355
764 2875
767 1141
767 1941
767 2667
768 1280
769 1912
770 714
770 740
772 2286
772 3057
774 448
774 3211
779 309
779 790
779 2935
780 667
781 1239
781 2629
782 389
782 2856
783 221
784 2806
787 294
788 1798
788 2053
788 2127
788 2521
789 1350
789 2148
790 2935
791 2301
794 66
794 93
794 147
794 213
794 233
794 241
794 297
794 366
794 425
794 494
794 511
794 577
794 655
794 810
794 815
794 978
794 1331
794 1372
794 1410
794 1426
794 1512
794 1597
794 1636
794 1652
794 1717
794 1765
794 1776
794 1826
794 1845
794 1951
794 2009
794 2085
794 2105
794 2130
794 2260
794 2283
794 2349
794 2453
794 2482
794 2590
794 2650
794 2713
794 2765
794 2822
794 2840
794 2911
794 2950
794 3183
794 3190
794 3213
795 235
795 286
795 816
795 1856
795 2920
795 3032
800 2297
802 1543
802 1548
803 41
803 156
803 393
803 532
803 586
803 668
803 727
803 847
803 897
803 1061
803 1085
803 1174
803 1192
803 1202
803 1258
803 1413
803 1482
803 1772
803 1834
803 1905
803 1914
803 1929
803 2128
803 2176
803 2261
803 2337
803 2474
803 2694
803 2868
803 3051
803 3082
803 3194
804 400
804 690
804 712
804 893
804 1933
804 2267
804 2274
804 2553
804 2678
804 2750
804 2781
804 2975
804 3068
805 1582
805 2321
806 3120
807 1709
807 3105
809 657
809 1190
811 2978
817 2352
817 2901
818 1112
818 2737
819 3043
820 2701
821 2238
825 2940
826 2061
827 324
827 802
827 1086
827 2143
828 313
829 1265
830 983
831 2163
833 1923
834 1226
836 1620
836 1816
837 316
839 2059
840 381
840 509
840 704
840 1040
841 1706
842 920
843 1093
843 3239
845 2209
845 3083
846 2618
847 700
847 3127
849 1612
850 2254
850 2772
851 303
853 3251
855 320
855 726
855 1517
855 1909
859 402
860 1528
863 1181
864 3247
866 933
866 2212
867 864
867 2912
869 243
870 137
872 3043
874 3153
878 470
878 805
878 1455
878 1457
878 2447
878 3237
879 1338
880 2471
881 1
881 655
881 1441
881 2027
881 3196
881 3241
883 2762
884 2753
886 163
886 806
886 1482
886 3082
887 605
887 674
887 2221
887 2549
887 2863
889 303
889 369
889 2469
890 3097
892 793
892 1638
892 2066
893 1157
893 2524
896 3177
897 77
897 156
897 574
897 727
897 2261
897 2600
897 2688
897 2868
897 3251
898 2168
899 1583
900 2536
904 18
904 35
904 687
904 2944
905 1087
905 1126
905 2428
907 46
910 2120
911 3077
913 255
913 2657
914 1186
914 1867
916 16
917 2121
917 2164
917 2985
917 3011
917 3158
917 3226
918 116
919 877
919 1204
920 519
921 3192
922 1102
923 1691
923 1926
923 2412
924 1095
926 2205
928 485
928 589
928 852
928 1770
928 1888
928 2186
928 2324
929 2452
931 145
931 649
931 1549
931 1734
931 1869
932 880
933 761
933 2212
934 1135
935 277
936 1550
936 1687
938 1305
940 72
940 80
940 1129
940 2202
940 2394
940 2798
942 1911
942 2506
947 1679
950 71
953 2406
954 7
954 1125
954 1292
954 1862
954 2219
954 2668
955 260
955 2873
956 1659
956 2953
957 2073
958 915
959 492
959 2134
960 1370
960 1563
960 2429
965 1700
965 3224
966 17
969 512
969 523
969 2097
969 2190
970 1976
971 542
971 788
971 1146
971 1350
971 1554
971 1614
971 1750
971 1798
971 2127
971 2370
971 2552
971 3218
972 620
972 2390
973 1240
973 1388
973 1408
973 1742
973 3070
975 650
976 2159
979 1138
979 2414
979 2566
979 2714
979 3091
979 3248
981 435
981 2117
982 548
984 290
984 1921
985 661
985 1782
989 444
989 2627
990 446
990 2965
994 2448
998 423
999 1033
1002 2174
1003 2700
1004 1149
1005 1693
1005 2410
1007 2605
1009 293
1011 1029
1012 126
1018 284
1018 2791
1019 1273
1020 582
1023 372
1023 471
1023 1042
1023 2977
1024 2137
1024 2816
1025 921
1025 1796
1026 261
1026 1780
1026 3104
1028 231
1028 2425
1029 78
1029 747
1029 776
1029 1843
1029 1853
1029 2698
1030 615
1031 1545
1031 2594
1033 641
1033 856
1033 1969
1033 2748
1035 109
1035 292
1035 1297
1035 1725
1035 1745
1035 1870
1035 2914
1036 2942
1037 531
1037 1858
1037 2545
1041 800
1041 1854
1041 2161
1041 2297
1042 885
1043 1568
1044 180
1044 244
1044 1821
1044 2393
1044 2990
1045 765
1046 173
1046 197
1046 1456
1047 724
1048 1384
1050 95
1051 1809
1052 413
1053 1902
1054 1742
1055 968
1055 1363
1056 3061
1057 1210
1057 1241
1058 3090
1060 2680
1061 272
1061 450
1061 487
1061 1812
1061 2370
1061 2652
1064 2956
1065 2855
1065 2998
1067 681
1067 1076
1067 1840
1067 3136
1068 1642
1068 1688
1068 2283
1070 2642
1072 2153
1073 2518
1075 1879
1077 1709
1078 212
1079 2070
1082 2745
1084 222
1084 729
1084 870
1084 2173
1084 2881
1085 185
1085 364
1085 806
1085 897
1085 2126
1085 2818
1085 3082
1086 2118
1087 2641
1089 1341
1090 2602
1093 2229
1093 2533
1093 3239
1094 2145
1095 55
1095 1670
1095 2481
1097 1644
1098 1524
1098 2480
1099 901
1101 145
1102 1186
1102 2318
1102 2466
1107 2404
1108 1830
1108 3079
1110 1553
1111 2272
1112 973
1113 189
1113 411
1113 534
1113 1667
1113 2770
1113 2830
1113 3060
1114 2312
1114 2546
1116 11
1117 2252
1119 306
1119 2398
1122 2071
1123 113
1123 1878
1128 2270
1129 1908
1129 2591
1130 2508
1131 199
1131 204
1131 360
1131 518
1131 1077
1131 2548
1131 2587
1131 2599
1131 2660
1131 3208
1134 973
1134 2532
1138 353
1138 1408
1138 1696
1138 1742
1138 1872
1139 1201
1139 2507
1142 268
1143 92
1143 364
1143 1866
1143 1903
1143 2561
1143 3024
1143 3039
1144 896
1144 2768
1146 1614
1146 2053
1146 2692
1147 2801
1148 3044
1150 426
1150 1156
1150 2857
1151 433
1151 2167
1155 1056
1155 1544
1156 2084
1156 2267
1156 2975
1163 230
1163 1640
1164 2598
1165 2259
1166 1036
1166 2942
1170 14
1170 1332
1170 1716
1170 2719
1172 750
1172 783
1173 1743
1175 63
1177 2067
1178 2535
1180 372
1182 775
1183 796
1183 3141
1185 24
1185 172
1185 175
1185 470
1185 1083
1185 1375
1185 1717
1185 1760
1185 2188
1185 2472
1185 2739
1185 2927
1185 3130
1185 3236
1186 2466
1187 115
1188 266
1188 554
1188 712
1188 757
1188 893
1188 997
1188 1383
1188 1537
1188 2152
1188 2585
1188 2619
1188 2640
1188 2654
1188 3066
1188 3212
1190 154
1193 523
1195 682
1195 1974
1195 2740
1195 2805
1195 2918
1196 1015
1197 1705
1198 2075
1198 2645
1199 756
1199 780
1199 788
1199 971
1199 999
1199 1061
1199 1233
1199 1271
1199 1503
1199 1699
1199 1750
1199 2325
1199 2521
1199 2601
1199 2733
1199 3234
1199 3254
1200 318
1202 1192
1202 2096
1202 2261
1202 2892
1205 497
1206 229
1207 303
1207 851
1210 2140
1211 130
1211 1193
1211 2963
1211 3027
1213 974
1213 2356
1214 1570
1216 192
1220 495
1220 2258
1220 2443
1221 1471
1221 1519
1221 2219
1221 2832
1221 2968
1221 3199
1222 478
1222 1854
1223 2680
1227 2834
1228 2063
1229 812
1229 2623
1230 269
1230 2470
1231 1485
1231 2902
1232 329
1232 542
1232 1146
1232 1554
1232 1798
1232 2127
1232 2552
1232 2893
1232 3218
1233 247
1233 542
1233 788
1233 971
1233 1146
1233 1554
1233 1750
1233 1798
1233 2127
1233 2370
1233 2521
1233 2552
1233 3205
1233 3218
1235 1695
1235 2829
1235 3108
1236 764
1237 2359
1238 1601
1238 2581
1239 943
1241 1210
1242 1075
1243 369
1243 889
1243 1658
1243 2469
1244 974
1244 1538
1244 1604
1245 1436
1246 1616
1247 598
1247 2081
1248 1167
1249 555
1249 597
1249 1140
1249 1708
1249 2512
1250 405
1250 1774
1250 2031
1250 3122
1251 2884
1252 2510
1252 2809
1252 2852
1252 2937
1252 2972
1254 177
1257 693
1261 342
1261 1344
1262 936
1262 2037
1263 2
1263 1957
1264 97
1264 833
1266 2708
1266 3106
1267 1792
1268 464
1268 1606
1268 2512
1268 2872
1271 900
1272 275
1272 288
1272 457
1272 668
1272 1915
1272 3083
1272 3120
1275 1461
1276 1590
1277 311
1277 1096
1277 3120
1278 849
1279 896
1279 2768
1280 2453
1281 1454
1282 946
1283 648
1286 195
1286 1295
1286 1363
1286 2035
1286 2624
1286 2817
1286 2918
1286 3071
1287 1131
1287 1728
1288 1499
1289 1747
1289 2895
1291 2039
1294 752
1294 1709
1294 2194
1295 721
1297 292
1297 1670
1297 2131
1297 2273
1297 2308
1298 1674
1299 800
1299 1041
1299 1222
1299 1394
1299 1768
1299 2161
1299 2207
1299 2297
1299 2842
1300 2197
1300 2557
1301 1630
1301 1873
1301 3155
1302 2234
1304 748
1309 2924
1309 3179
1310 288
1310 390
1310 537
1310 668
1310 683
1310 1294
1310 1736
1310 2092
1310 2101
1310 3188
1311 3173
1312 2082
1313 1580
1313 2496
1314 633
1315 2611
1317 536
1320 120
1320 512
1320 908
1320 1225
1321 1657
1322 377
1323 1520
1323 1636
1323 1875
1324 1479
1327 597
1327 1284
1327 1904
1329 1069
1332 1992
1333 501
1333 568
1333 684
1333 1364
1333 1703
1333 2034
1337 1841
1337 2676
1338 2957
1339 512
1339 1225
1344 1452
1350 1502
1350 1614
1350 1664
1350 2127
1350 3205
1350 3218
1352 14
1352 1332
1352 1716
1353 159
1353 1392
1353 1813
1354 1839
1356 1732
1356 2493
1357 1480
1357 2280
1358 2275
1359 512
1359 2016
1359 2746
1363 2035
1364 688
1364 748
1364 2364
1364 3012
1364 3224
1369 611
1369 1451
1369 2970
1371 293
1371 3050
1373 2820
1373 3172
1375 1689
1375 2447
1377 2086
1377 2183
1378 301
1378 310
1378 803
1378 1272
1378 1634
1378 2375
1378 2464
1379 927
1380 981
1380 2117
1381 2230
1382 2450
1385 2160
1385 3057
1385 3109
1386 2700
1389 1680
1390 883
1390 2762
1392 79
1392 364
1392 1603
1392 1808
1392 1813
1392 1903
1392 2191
1392 2467
1392 3024
1392 3083
1392 3244
1394 2511
1395 1629
1400 1984
1400 2354
1400 2454
1401 65
1401 2094
1401 2653
1402 2346
1403 1763
1403 1931
1405 720
1405 1213
1405 1244
1405 1538
1405 1954
1405 1981
1406 968
1406 1363
1407 1899
1407 2157
1409 2105
1409 2538
1410 1117
1412 2564
1412 2939
1416 2420
1417 1007
1420 1584
1421 1113
1421 1667
1421 2419
1421 2645
1423 1340
1427 257
1428 2165
1428 3245
1429 1273
1430 2154
1431 1562
1433 282
1435 152
1438 2399
1439 945
1440 1439
1441 649
1443 486
1443 563
1443 2989
1444 1949
1445 392
1445 804
1448 3219
1449 985
1449 1966
1450 401
1451 611
1452 1817
1452 2748
1453 424
1458 3263
1467 2416
1469 552
1471 33
1471 288
1471 555
1471 675
1471 954
1471 1292
1471 1294
1471 1619
1471 1661
1471 1862
1471 3004
1472 434
1473 1536
1473 1958
1475 1164
1476 1189
1476 1777
1476 2996
1478 2434
1478 2718
1481 119
1481 609
1481 969
1481 1320
1481 1339
1481 1359
1481 1495
1481 1513
1481 1832
1481 2045
1482 1772
1482 2096
1482 2474
1483 692
1483 842
1483 1437
1483 3195
1484 1522
1485 1523
1486 103
1486 2423
1486 3243
1487 450
1487 656
1487 668
1487 1503
1487 1914
1487 1929
1487 2878
1487 3194
1488 2616
1489 1722
1489 2336
1491 2764
1492 419
1492 2597
1493 21
1493 1000
1493 1498
1493 2251
1493 3120
1494 68
1494 963
1494 3075
1495 205
1495 254
1495 417
1495 512
1495 1334
1495 2114
1497 461
1497 1154
1497 2639
1499 302
1502 2277
1502 2397
1503 2681
1503 2692
1504 1473
1505 2175
1505 2727
1507 2749
1510 239
1510 515
1510 3098
1511 2022
1513 50
1513 101
1513 130
1513 512
1513 523
1513 961
1513 1286
1513 1471
1513 2451
1513 2817
1513 2832
1513 2947
1513 3073
1513 3083
1513 3155
1513 3162
1513 3168
1513 3199
1514 2797
1516 98
1518 2832
1519 33
1519 555
1519 1661
1519 1862
1519 3168
1522 888
1522 2816
1523 1142
1523 2526
1523 2581
1525 2424
1526 785
1528 2967
1529 132
1529 829
1529 2097
1529 2652
1530 2850
1533 1049
1534 1635
1535 1906
1536 1184
1536 1958
1537 1648
1538 974
1539 867
1540 459
1540 1191
1541 988
1542 538
1542 3151
1544 3061
1545 622
1545 1176
1545 2342
1546 190
1546 1051
1546 1227
1549 2926
1551 2055
1552 1848
1552 1857
1554 247
1554 1146
1554 1579
1554 1614
1554 1798
1554 2127
1554 2552
1554 3218
1555 587
1555 639
1555 2477
1555 3186
1556 8
1557 2558
1558 2839
1559 396
1559 595
1559 2136
1560 993
1563 1370
1565 879
1565 2918
1566 1778
1566 2055
1566 2262
1566 2443
1567 1901
1568 1807
1569 584
1569 984
1569 1316
1571 474
1572 713
1574 1486
1575 858
1576 69
1576 952
1577 2689
1578 1374
1585 334
1587 748
1588 1005
1589 666
1590 1081
1591 139
1591 144
1592 3192
1593 483
1594 3169
1595 1459
1597 66
1599 2171
1601 268
1602 45
1603 2467
1604 365
1605 468
1605 869
1605 2052
1605 2179
1606 2147
1611 1899
1611 2457
1611 2527
1613 2998
1614 247
1614 1270
1614 1502
1614 1579
1614 2945
1615 3125
1617 634
1618 1527
1621 2135
1621 2294
1623 224
1623 670
1623 2430
1623 2883
1624 2262
1626 184
1626 481
1626 2314
1626 2446
1626 3029
1627 2200
1631 1362
1632 1946
1632 2002
1632 2175
1634 301
1634 981
1634 1294
1634 1380
1634 2096
1634 2375
1634 3027
1636 1827
1637 2771
1639 610
1639 787
1639 2181
1639 2695
1639 3001
1641 683
1642 3095
1644 1022
1645 2226
1647 1020
1648 1260
1649 1753
1652 213
1652 1117
1652 1410
1652 1710
1652 2941
1653 15
1653 117
1654 1653
1655 155
1655 1944
1655 2686
1656 2929
1658 2719
1659 3171
1660 116
1660 1747
1661 214
1661 2219
1665 3187
1666 278
1666 2257
1667 149
1667 189
1667 1328
1667 1367
1667 1762
1667 2107
1667 3205
1668 2291
1670 55
1670 2062
1670 2530
1674 3168
1675 1958
1677 698
1678 399
1678 1041
1678 1222
1678 1299
1678 1768
1678 2207
1678 2842
1680 5
1680 83
1680 967
1680 1330
1680 1889
1682 2069
1685 1411
1685 2736
1685 2758
1686 833
1687 2021
1688 2808
1689 805
1689 2321
1690 514
1690 1230
1690 2484
1692 284
1692 1018
1696 2710
1697 2837
1698 20
1698 289
1698 621
1698 2631
1700 169
1700 287
1701 378
1702 1027
1703 267
1703 684
1703 1218
1703 1364
1703 2034
1706 361
1706 510
1706 1760
1706 1801
1706 2199
1706 3022
1707 2285
1708 2577
1709 171
1709 1619
1709 1664
1709 2194
1711 530
1711 1117
1711 1410
1712 1893
1715 1018
1715 1311
1715 1329
1716 432
1718 875
1719 2266
1720 996
1721 353
1725 798
1725 2273
1726 832
1726 1011
1726 1148
1726 1261
1726 2268
1726 2320
1726 3044
1726 3064
1727 2457
1727 3007
1728 2836
1729 1468
1729 1505
1730 2193
1731 580
1731 2575
1733 2625
1739 1566
1739 3105
1740 1731
1740 1854
1740 2331
1741 2339
1742 3070
1744 1933
1745 292
1745 878
1745 2273
1745 2914
1745 3183
1745 3197
1746 536
1746 1317
1748 1418
1748 1956
1749 2048
1750 542
1750 788
1750 1232
1750 1270
1750 1350
1750 2370
1750 2521
1751 303
1751 1251
1751 3143
1752 118
1752 662
1753 766
1753 1145
1754 1195
1754 2288
1754 2887
1757 2930
1758 207
1759 2151
1759 2961
1767 715
1768 521
1768 553
1768 800
1768 1041
1768 1074
1768 1222
1768 1394
1768 1854
1768 2014
1768 2161
1768 2207
1768 2297
1768 2511
1768 2575
1768 2842
1771 421
1771 617
1771 629
1771 2644
1772 586
1772 1270
1779 231
1779 418
1779 1434
1779 3216
1780 1559
1780 2860
1782 3045
1783 1501
1785 2236
1788 559
1788 1609
1789 2725
1791 1224
1792 2437
1792 2656
1792 3157
1793 2502
1794 434
1794 1472
1794 1661
1795 1152
1796 121
1798 1614
1798 2053
1798 2692
1800 690
1800 3000
1801 2472
1802 1497
1806 186
1806 463
1806 2415
1806 2936
1810 1065
1811 543
1812 723
1814 1696
1814 2389
1815 1178
1815 2041
1817 370
1818 1937
1820 833
1820 1923
1822 224
1822 670
1822 1623
1822 1826
1823 960
1823 1563
1823 2823
1826 577
1826 697
1826 2822
1826 3092
1828 1179
1828 1280
1829 1648
1830 2403
1831 1208
1832 512
1832 2093
1834 668
1835 2269
1836 13
1836 113
1836 1588
1836 2744
1836 2804
1837 2705
1838 2015
1838 2296
1842 1314
1843 2028
1844 1024
1846 253
1846 2707
1846 2980
1850 2995
1851 1581
1852 2247
1854 291
1854 521
1854 631
1854 800
1854 1008
1854 1074
1854 1196
1854 1394
1854 1646
1854 2068
1854 2161
1855 1010
1859 1858
1861 1001
1861 2468
1862 675
1862 1292
1862 2219
1864 1969
1864 2748
1866 1709
1867 1186
1867 2318
1868 1466
1869 1101
1870 109
1870 2273
1871 1001
1871 2468
1871 2492
1876 614
1876 1804
1876 2475
1878 1342
1880 1853
1880 2351
1881 2752
1882 1042
1882 2411
1883 2406
1884 3149
1887 928
1889 1864
1890 808
1891 358
1891 872
1891 2316
1893 876
1896 640
1897 1775
1898 3101
1899 1859
1899 2527
1899 3260
1900 1296
1901 1240
1901 3217
1903 47
1903 723
1903 2005
1903 2243
1903 2611
1905 380
1905 1493
1905 3127
1906 107
1908 251
1908 2726
1910 2403
1911 1864
1911 2506
1913 706
1913 1611
1913 1727
1913 1972
1913 2313
1913 2435
1914 574
1914 897
1915 2309
1916 77
1916 740
1916 770
1916 1619
1916 1664
1916 1709
1916 2114
1917 2284
1919 2227
1921 1168
1924 262
1924 692
1924 1474
1924 1981
1924 2373
1924 2498
1925 1080
1927 686
1929 574
1929 897
1932 744
1932 2922
1933 1497
1933 2193
1935 1717
1935 2385
1936 423
1936 2264
1937 394
1937 1034
1938 2960
1939 1150
1939 2215
1939 2628
1939 3255
1940 554
1940 751
1940 1127
1941 499
1942 1215
1943 1133
1947 272
1952 516
1953 14
1953 1332
1953 1716
1954 974
1957 2419
1958 1397
1959 2026
1960 466
1961 1061
1961 1699
1961 2370
1961 3127
1962 625
1962 1185
1962 2828
1962 3041
1964 7
1964 913
1964 2685
1965 890
1965 3097
1966 661
1966 1115
1966 1496
1966 1782
1967 2979
1969 370
1970 2021
1972 105
1972 706
1972 1486
1972 1863
1972 2457
1973 3015
1974 3238
1977 2307
1977 3046
1978 1663
1979 362
1981 974
1981 1252
1981 1261
1981 2258
1981 2540
1981 2715
1981 3064
1982 246
1985 990
1985 1924
1986 607
1987 1057
1989 855
1993 1303
1994 504
1994 618
1994 2757
1994 2786
1994 2885
1995 758
1995 1804
1995 1876
1995 2475
1996 2406
1997 2592
1999 1854
2000 89
2000 2362
2001 263
2001 1803
2001 2201
2003 2456
2003 2908
2004 84
2005 1321
2006 1170
2007 1489
2007 1722
2007 2336
2008 112
2010 1531
2011 1053
2011 1374
2011 1578
2012 151
2013 237
2014 2511
2015 1270
2016 2746
2018 1393
2019 122
2019 2100
2019 2333
2019 2578
2020 2955
2021 187
2021 367
2021 2825
2022 41
2022 163
2022 532
2022 1067
2022 2128
2022 2612
2022 2647
2023 130
2023 132
2023 324
2023 386
2023 390
2023 523
2023 591
2023 668
2023 913
2023 1916
2023 2286
2023 2962
2024 97
2024 1521
2024 1673
2024 2988
2025 3184
2030 303
2030 1251
2031 1774
2031 2932
2032 2029
2033 1270
2034 1364
2035 188
2035 2624
2036 388
2038 2132
2038 2844
2039 262
2039 692
2039 1474
2041 2535
2045 512
2045 1552
2045 3124
2047 2822
2050 2636
2051 1103
2051 1431
2051 1562
2053 2033
2054 488
2055 626
2055 1778
2055 2569
2056 2504
2057 1982
2058 1674
2058 1967
2058 2516
2058 3168
2062 635
2062 937
2062 1016
2062 1122
2062 1264
2062 2071
2065 1819
2067 3138
2075 3154
2076 1249
2078 1253
2079 3260
2080 2572
2081 87
2081 628
2081 1475
2081 2246
2081 2687
2082 2890
2085 285
2087 3231
2088 2449
2089 502
2089 1608
2090 1471
2090 1519
2090 1933
2090 2241
2090 2619
2092 1736
2092 3188
2094 130
2094 585
2094 1265
2096 163
2096 1061
2096 1258
2096 2370
2096 2474
2096 3203
2097 3004
2098 2335
2099 94
2099 1561
2099 2372
2100 813
2101 38
2101 2426
2105 471
2105 698
2105 937
2106 120
2107 242
2109 749
2113 2144
2114 44
2114 708
2114 1249
2114 1327
2114 2255
2115 718
2115 1701
2115 1922
2115 3172
2116 162
2118 619
2122 22
2123 52
2123 80
2123 1939
2123 2975
2124 39
2124 81
2124 798
2124 1169
2124 1895
2125 548
2125 982
2125 1072
2125 1114
2125 2546
2127 1614
2128 163
2128 806
2128 886
2128 1482
2128 3082
2129 463
2129 989
2129 3034
2130 2673
2131 539
2135 382
2135 1933
2136 1366
2136 1693
2141 1044
2141 2149
2143 324
2143 2917
2143 3149
2145 480
2145 2445
2150 353
2150 524
2150 786
2150 2172
2150 2402
2155 949
2155 992
2155 1136
2156 72
2156 940
2156 1129
2156 2333
2156 2591
2157 24
2157 676
2157 1845
2157 2105
2157 3130
2157 3236
2158 2398
2161 2511
2164 3226
2165 771
2166 1460
2167 2145
2169 732
2169 2058
2170 1005
2171 1937
2174 1847
2174 2355
2176 727
2176 2054
2176 3127
2178 111
2178 132
2178 2115
2178 2818
2179 495
2180 19
2180 686
2180 1284
2180 1927
2182 947
2182 3088
2183 2086
2187 1846
2188 2927
2191 1603
2191 2467
2192 1945
2193 1152
2193 1269
2193 1795
2195 14
2195 1332
2195 1352
2195 1716
2195 1953
2196 75
2197 37
2198 1950
2200 166
2201 928
2201 1128
2201 2879
2202 2591
2203 962
2204 1478
2204 2718
2207 800
2207 1854
2207 2297
2207 2842
2208 1220
2208 2258
2209 376
2209 1749
2209 3170
2212 761
2212 1038
2214 1628
2216 1137
2217 143
2218 689
2219 2474
2220 1200
2221 605
2222 357
2223 2379
2225 1694
2227 736
2227 3210
2228 616
2228 2821
2229 567
2229 1197
2229 1705
2232 1592
2232 1757
2234 1573
2235 717
2235 2827
2237 527
2240 3256
2242 1355
2242 1524
2242 2480
2243 214
2243 1315
2243 2800
2243 2866
2243 3244
2244 1936
2245 2668
2249 2786
2249 3041
2250 1561
2250 2099
2250 2583
2250 3089
2250 3160
2253 51
2255 19
2255 350
2255 597
2255 708
2255 1284
2255 1904
2255 2180
2255 2978
2256 1797
2258 495
2258 2179
2258 2443
2258 2703
2260 233
2260 1331
2261 2878
2262 1975
2262 2569
2263 670
2266 2213
2271 371
2271 2532
2272 695
2272 2928
2273 759
2273 951
2274 1120
2276 578
2276 931
2276 2570
2276 3252
2277 2397
2281 2458
2282 314
2286 869
2286 2110
2287 632
2287 1684
2289 1245
2289 1436
2290 1103
2291 324
2291 1620
2291 1816
2291 2143
2291 2422
2292 2680
2293 2544
2294 973
2294 1598
2294 1742
2296 1227
2298 340
2298 892
2302 337
2303 970
2304 572
2306 2104
2307 3046
2308 1542
2308 2198
2310 403
2311 1515
2311 2139
2313 1608
2313 2457
2314 14
2314 190
2314 610
2314 1059
2314 1352
2314 1953
2314 2006
2314 2195
2314 2367
2315 567
2317 3146
2320 416
2322 2055
2325 2146
2325 2370
2327 633
2327 1842
2328 2491
2329 1214
2329 2344
2334 383
2336 1722
2337 853
2337 1934
2338 2513
2338 2755
2339 455
2339 498
2339 682
2340 2874
2343 1828
2344 234
2344 1480
2346 1067
2347 2242
2349 1574
2352 580
2352 1731
2352 1740
2352 2575
2352 2901
2353 2123
2356 1252
2356 2852
2357 554
2358 2079
2358 2731
2358 3129
2360 1508
2360 2608
2362 186
2362 552
2362 1104
2362 1469
2363 1306
2365 844
2365 865
2365 1119
2366 415
2366 2150
2367 1332
2367 1716
2369 1145
2370 183
2370 216
2370 272
2370 350
2370 930
2370 1146
2370 1258
2370 1413
2370 1798
2370 1874
2370 2127
2370 2552
2370 2870
2370 2892
2370 2893
2370 2919
2370 3033
2370 3148
2370 3218
2371 2330
2373 1474
2373 2159
2374 664
2375 301
2375 645
2375 803
2375 1272
2375 2464
2375 2800
2377 317
2377 2248
2378 2497
2380 1006
2381 56
2382 74
2384 1724
2384 2984
2384 3181
2386 3110
2386 3199
2387 1023
2387 1458
2388 1100
2389 1696
2389 2396
2390 132
2390 390
2390 1033
2390 1709
2390 2023
2390 2029
2390 2032
2390 2278
2390 2551
2390 2843
2390 3167
2392 80
2392 89
2392 145
2392 1153
2392 1869
2393 180
2393 879
2394 2591
2394 2775
2394 2940
2394 3023
2394 3263
2395 1871
2396 2710
2400 342
2400 2987
2401 1493
2401 3206
2408 437
2409 96
2409 1356
2411 885
2414 134
2414 638
2414 1713
2414 1799
2414 2737
2414 3091
2415 2362
2417 2576
2420 325
2420 868
2420 2133
2421 304
2421 1747
2425 2664
2426 7
2426 537
2426 954
2426 1997
2427 41
2427 111
2427 2595
2427 3083
2428 1087
2430 676
2430 1062
2430 1764
2431 211
2432 2728
2435 226
2435 269
2435 642
2435 881
2435 2457
2435 3163
2437 1309
2437 3157
2438 556
2440 705
2442 1385
2442 1555
2446 184
2446 481
2446 1973
2446 3029
2447 1689
2447 2321
2450 2319
2450 2547
2450 2773
2452 2795
2456 1414
2456 1486
2456 1574
2456 2349
2459 2637
2460 553
2460 1854
2460 2575
2460 2769
2462 1645
2463 779
2463 2040
2464 11
2464 42
2464 77
2464 110
2464 183
2464 203
2464 216
2464 272
2464 275
2464 276
2464 341
2464 393
2464 506
2464 532
2464 549
2464 586
2464 612
2464 620
2464 656
2464 668
2464 669
2464 727
2464 756
2464 780
2464 797
2464 806
2464 853
2464 858
2464 897
2464 901
2464 930
2464 1061
2464 1085
2464 1159
2464 1174
2464 1202
2464 1223
2464 1258
2464 1277
2464 1376
2464 1439
2464 1462
2464 1493
2464 1554
2464 1575
2464 1581
2464 1669
2464 1750
2464 1755
2464 1772
2464 1781
2464 1834
2464 1874
2464 1905
2464 1914
2464 1929
2464 1955
2464 1961
2464 2053
2464 2127
2464 2128
2464 2210
2464 2231
2464 2261
2464 2292
2464 2337
2464 2400
2464 2401
2464 2427
2464 2433
2464 2534
2464 2552
2464 2600
2464 2612
2464 2647
2464 2652
2464 2657
2464 2682
2464 2688
2464 2692
2464 2694
2464 2784
2464 2814
2464 2868
2464 2870
2464 2893
2464 2991
2464 3003
2464 3051
2464 3053
2464 3054
2464 3120
2464 3127
2464 3148
2464 3194
2464 3218
2465 3164
2466 2318
2470 269
2470 2027
2470 2531
2473 895
2474 2882
2475 293
2476 42
2476 2322
2477 639
2477 2181
2477 2482
2477 2648
2478 2376
2479 535
2481 55
2481 2290
2484 1
2488 2582
2488 3084
2489 408
2491 640
2492 1001
2492 1861
2495 2377
2498 1474
2499 3076
2500 420
2500 1198
2500 1421
2500 1940
2500 2075
2503 106
2507 1201
2507 1809
2508 3114
2509 1165
2511 679
2511 987
2512 1586
2519 2472
2520 588
2520 1928
2521 1798
2521 2053
2521 2127
2521 3218
2522 2859
2523 208
2528 1662
2529 3205
2532 2407
2533 567
2533 1705
2533 2315
2536 782
2536 1650
2539 412
2539 418
2539 1434
2539 1779
2539 2799
2540 2819
2541 1651
2542 1885
2542 2199
2542 2453
2544 1345
2546 2312
2548 2027
2549 129
2549 231
2549 347
2549 379
2549 412
2549 418
2549 654
2549 674
2549 1043
2549 1568
2549 1752
2549 1779
2549 1863
2549 1998
2549 2024
2549 2544
2549 2799
2549 2840
2549 3256
2550 1066
2552 1614
2552 2947
2555 2050
2557 37
2557 2197
2559 1477
2563 58
2563 560
2564 2461
2565 2767
2566 134
2566 638
2566 1713
2566 1799
2566 2737
2566 3091
2567 3037
2570 578
2570 1028
2570 1824
2571 604
2571 882
2574 786
2575 553
2576 664
2576 2374
2578 888
2578 1484
2578 1522
2579 656
2580 2410
2582 1396
2582 3084
2583 902
2583 1561
2584 2240
2585 1305
2587 404
2587 564
2587 1064
2587 1187
2587 2836
2588 1361
2593 1398
2593 3249
2595 1529
2596 86
2597 419
2597 422
2597 449
2597 1761
2597 3099
2599 208
2599 914
2599 3178
2599 3240
2600 806
2600 1493
2600 2031
2600 2401
2601 149
2601 329
2601 542
2601 637
2601 1113
2601 1146
2601 1554
2601 1667
2601 1750
2601 1798
2601 2127
2601 2552
2601 2893
2601 3218
2601 3254
2602 234
2602 1357
2602 1480
2604 870
2604 1084
2604 2289
2605 2425
2606 2494
2607 2444
2607 2904
2609 339
2609 1274
2609 1710
2610 161
2610 1999
2612 163
2612 806
2612 1482
2612 2128
2612 2370
2612 3082
2613 1347
2614 839
2615 1500
2615 2076
2617 2332
2618 347
2618 3256
2619 2241
2619 3006
2621 626
2623 1532
2626 1764
2626 2900
2631 906
2632 735
2633 2886
2634 811
2635 683
2635 709
2638 2650
2640 1970
2641 2562
2643 823
2644 1092
2644 1535
2644 3105
2644 3195
2645 954
2645 1113
2645 1471
2645 1519
2645 2832
2646 1486
2647 43
2647 183
2647 203
2647 276
2647 668
2647 756
2647 1061
2647 1503
2647 1961
2647 2325
2647 2692
2647 2880
2647 2893
2647 3148
2647 3234
2648 3015
2649 219
2649 507
2649 871
2649 1674
2649 1974
2649 2141
2649 2405
2650 361
2650 3029
2651 1360
2652 464
2652 682
2652 1963
2653 585
2653 1265
2655 24
2657 255
2657 1088
2658 602
2660 133
2660 1826
2661 1509
2662 1681
2663 1185
2663 2590
2663 2697
2663 2828
2663 2938
2663 2950
2665 2409
2666 1564
2669 3017
2672 1144
2672 1279
2672 3214
2674 1377
2675 2441
2676 799
2676 2101
2677 264
2677 1189
2678 400
2678 1809
2681 276
2682 1209
2682 2882
2683 1395
2683 1843
2688 1347
2688 1425
2688 2613
2690 2505
2691 3128
2692 276
2692 350
2692 1772
2692 3033
2692 3074
2693 1461
2694 612
2694 727
2694 897
2694 1085
2694 1199
2694 1834
2694 2174
2694 2474
2694 3051
2694 3053
2694 3082
2695 2589
2696 697
2696 1037
2697 241
2697 1335
2697 2986
2698 346
2698 1865
2698 1907
2702 1535
2702 1671
2702 2833
2703 2159
2704 953
2704 1883
2704 1996
2704 2999
2706 2043
2707 253
2708 2740
2710 2172
2711 1574
2711 1935
2711 2349
2712 1465
2716 85
2717 912
2718 1180
2719 14
2719 1352
2719 1639
2719 1953
2719 2195
2719 2367
2720 3093
2722 3235
2724 500
2728 1188
2729 1636
2729 2888
2731 1805
2732 2065
2733 3165
2734 583
2735 1234
2736 2758
2737 1112
2740 2792
2740 2864
2740 2898
2741 710
2742 777
2749 3059
2750 48
2750 1952
2751 1275
2751 3145
2755 2062
2756 1323
2757 2517
2759 1968
2761 1430
2761 3010
2763 1097
2763 1644
2767 2288
2771 2568
2775 3028
2776 1203
2778 790
2779 2450
2780 1325
2781 1256
2782 848
2783 574
2783 1781
2786 462
2787 1471
2787 2219
2788 699
2789 700
2789 1336
2798 368
2798 1908
2798 2591
2800 1534
2800 1614
2801 3198
2804 1976
2812 1569
2813 155
2813 1655
2813 2686
2814 597
2814 767
2814 1905
2814 2255
2815 1285
2817 188
2818 764
2818 780
2818 847
2818 1315
2818 1322
2818 2191
2818 2371
2818 2652
2818 2866
2818 2893
2818 3159
2823 1370
2824 220
2826 436
2828 24
2828 676
2828 1133
2828 1677
2828 1717
2828 1760
2828 1801
2828 2024
2828 2188
2828 2609
2828 2630
2828 2927
2828 3223
2828 3236
2831 280
2831 295
2831 431
2831 623
2831 659
2831 1045
2831 1577
2832 675
2832 1661
2832 2219
2833 2142
2833 2305
2834 294
2834 787
2835 957
2836 244
2838 1708
2838 2810
2842 800
2842 1041
2842 1854
2842 2297
2843 390
2843 999
2843 3257
2845 3236
2846 2084
2847 2185
2848 2300
2849 1171
2850 495
2851 206
2853 393
2853 3112
2854 2900
2855 734
2855 2998
2856 2749
2858 2406
2861 860
2862 2974
2863 118
2863 231
2863 412
2863 662
2863 1779
2863 1995
2863 2260
2863 2539
2863 2549
2863 3216
2865 2074
2866 1315
2866 1413
2866 1446
2866 2005
2866 2611
2867 1683
2871 722
2873 2933
2874 1014
2875 2222
2876 1892
2877 665
2879 2270
2880 668
2880 1199
2880 1503
2880 2146
2880 2892
2880 3234
2881 222
2881 1362
2881 2670
2885 1990
2885 2786
2888 81
2888 577
2889 1032
2891 670
2891 681
2891 1432
2891 1633
2891 1930
2891 2077
2891 2210
2891 3039
2891 3136
2892 450
2893 183
2893 2146
2893 2743
2893 3148
2893 3159
2894 1908
2895 1106
2896 2046
2897 414
2897 942
2897 1911
2897 3072
2897 3166
2898 2864
2899 2072
2900 2501
2901 580
2901 648
2901 1731
2901 1740
2902 111
2902 125
2903 2895
2904 3038
2905 1390
2907 395
2907 673
2908 1414
2908 3243
2910 784
2910 2833
2911 577
2913 101
2913 442
2913 2413
2914 106
2914 1725
2914 1943
2914 1962
2914 2030
2914 2273
2914 2295
2914 3042
2914 3065
2915 1003
2915 2766
2916 473
2916 2000
2916 2392
2918 1524
2919 183
2919 3148
2921 307
2921 1738
2922 2182
2922 2254
2925 767
2925 1941
2926 172
2926 614
2926 758
2926 1438
2926 1804
2926 1876
2927 1845
2930 3055
2932 1215
2932 1942
2934 565
2935 453
2935 2017
2938 2609
2943 1358
2945 2951
2949 797
2952 2740
2953 3171
2954 1277
2954 2103
2955 2976
2956 3013
2958 1194
2959 3221
2961 2151
2963 873
2964 1195
2964 1290
2964 1298
2964 2649
2964 2684
2964 3056
2965 446
2965 1916
2965 2476
2966 1321
2966 3127
2967 506
2967 1376
2967 1955
2968 1657
2968 3199
2971 269
2971 1859
2971 3196
2975 52
2975 80
2975 89
2975 368
2975 400
2975 1104
2975 2392
2975 2678
2981 670
2982 67
2984 1724
2985 2164
2985 3226
2986 241
2986 1335
2986 2950
2987 2179
2989 486
2990 1821
2991 288
2991 2114
2992 1660
2993 1409
2993 2105
2993 2538
2994 3063
2995 1314
2995 1842
2995 2327
2996 1091
2996 2083
2996 2614
2997 354
2998 734
2998 2348
3000 122
3001 3109
3002 1176
3002 2556
3003 42
3003 672
3004 77
3004 1736
3004 2044
3004 2092
3004 3188
3007 1160
3007 2735
3007 2761
3007 3010
3008 1983
3011 2416
3011 3137
3014 3016
3019 2383
3021 1825
3023 1988
3024 47
3024 92
3024 1866
3024 2243
3025 452
3025 1029
3029 425
3029 577
3029 639
3029 1372
3029 1717
3029 2523
3029 2648
3029 2822
3030 2082
3033 3120
3036 23
3039 364
3039 1903
3039 2611
3040 1632
3040 2574
3040 2702
3041 2248
3042 1875
3042 2122
3043 1371
3043 1473
3043 2483
3047 3123
3048 59
3051 612
3051 897
3051 1199
3051 1834
3051 2174
3051 2647
3051 2818
3051 3082
3052 3142
3058 465
3058 932
3058 1080
3058 1675
3058 1925
3058 3133
3064 342
3064 416
3064 692
3064 1252
3064 1308
3064 1344
3064 1391
3064 1452
3064 2028
3064 2715
3064 2937
3064 2972
3064 3221
3065 3147
3066 893
3067 731
3067 2361
3069 743
3071 875
3071 1594
3071 2035
3071 2562
3072 2506
3072 3139
3073 3162
3077 622
3077 1031
3078 1754
3079 162
3080 575
3081 64
3082 156
3082 163
3082 668
3082 847
3082 897
3082 1202
3082 1482
3082 1755
3082 1834
3082 1905
3082 1914
3082 1929
3082 1961
3082 2096
3082 2261
3082 2337
3082 2600
3082 2784
3082 2814
3082 2966
3082 2991
3082 3003
3082 3053
3082 3194
3083 288
3083 312
3083 376
3083 378
3083 434
3083 653
3083 668
3083 752
3083 767
3083 981
3083 1294
3083 1471
3083 1519
3083 1529
3083 2110
3083 2178
3083 2194
3083 2219
3083 2595
3083 2652
3083 2902
3083 3170
3083 3199
3084 490
3084 1396
3085 299
3085 1407
3086 2541
3087 217
3087 327
3087 1692
3089 737
3089 1561
3089 2099
3091 134
3091 2737
3091 2910
3092 2060
3093 1329
3094 2836
3096 1470
3098 1889
3100 476
3100 1038
3102 167
3103 821
3104 1559
3104 3020
3104 3243
3105 515
3105 850
3105 1778
3105 2055
3105 2262
3105 2443
3107 2
3107 1263
3108 1766
3110 1071
3110 1084
3110 1362
3110 1785
3110 2236
3111 518
3111 1134
3111 2233
3111 2721
3111 2757
3111 3208
3114 460
3117 2542
3118 2913
3120 1860
3121 1371
3122 1980
3122 2211
3123 1478
3123 2102
3123 2204
3127 380
3127 853
3127 1347
3127 1877
3127 2622
3127 2688
3129 2731
3131 390
3131 646
3131 1964
3134 1847
3134 2355
3135 2760
3136 681
3143 303
3144 1769
3144 1942
3145 251
3145 1275
3145 1672
3147 2223
3149 703
3149 2917
3150 328
3150 1714
3154 40
3155 566
3155 725
3155 1795
3155 1873
3155 3073
3155 3222
3156 124
3156 273
3157 1309
3157 2924
3158 283
3159 2174
3160 127
3160 902
3160 1561
3160 3089
3163 3132
3166 1911
3166 2506
3167 65
3167 130
3167 1211
3167 1310
3167 1401
3167 2023
3167 2094
3167 2653
3167 2843
3167 3131
3167 3189
3168 50
3168 1399
3168 3073
3170 376
3170 1749
3172 378
3172 778
3172 1086
3174 482
3174 1313
3174 2647
3174 2880
3175 3086
3177 551
3178 914
3178 1867
3178 3240
3180 1737
3182 2111
3183 470
3183 805
3183 1019
3183 1455
3183 1457
3183 1677
3183 2447
3183 3237
3185 1242
3187 1063
3189 324
3189 390
3189 668
3189 913
3189 2962
3191 2807
3193 851
3193 3140
3194 574
3194 897
3195 1778
3197 63
3197 2519
3199 111
3199 312
3199 653
3199 683
3199 1284
3199 1641
3199 1904
3199 2634
3199 2832
3199 3172
3200 976
3200 1474
3200 2159
3202 2112
3206 1277
3207 1918
3208 1121
3210 2794
3213 451
3213 570
3213 924
3213 1095
3213 1670
3213 1994
3213 2249
3213 2481
3213 3259
3214 2785
3215 1097
3215 2763
3216 1752
3216 1863
3216 2543
3218 247
3218 1270
3218 1614
3218 2239
3220 1424
3222 537
3222 1736
3222 2092
3222 2368
3222 3188
3225 1552
3226 283
3227 603
3228 31
3229 1205
3230 2754
3232 1053
3232 1374
3232 1578
3232 1686
3232 1820
3232 1902
3232 2011
3234 1503
3234 2325
3234 2832
3236 24
3236 676
3236 1021
3236 1175
3236 1282
3236 2080
3236 3223
3240 1186
3240 1867
3240 2318
3242 530
3242 2537
3243 13
3243 1005
3243 2580
3243 2804
3243 3246
3244 2866
3245 771
3246 13
3246 2804
3248 1054
3248 1388
3250 2796
3252 118
3252 1417
3252 2760
3253 296
3253 822
3254 542
3254 788
3254 971
3254 1146
3254 1233
3254 1350
3254 1554
3254 1750
3254 1798
3254 2127
3254 2370
3254 2521
3254 3218
3255 473
3255 493
3255 680
3255 1806
3255 2000
3255 2392
3255 2916
3255 2975
3259 179
3259 1340
3259 2632
3259 2941
3261 2787
3262 2660
3263 2775
3263 2940
