#3264 4536
2997 2998 2370 2370
2663 2664 562 562
642 641 3199 3199
642 643 3199 3199
1989 1990 2738 2738
1636 1633 3243 3243
1636 1632 3243 3243
2808 2809 1790 1790
1120 1121 2679 2679
1671 1675 3243 3243
528 495 1626 1626
528 522 1626 1626
528 2913 1626 3218
649 650 3199 3199
649 647 3199 3199
465 459 18 18
465 462 18 18
465 464 18 18
465 463 18 18
2375 2374 2892 2892
2375 2373 2892 2892
2375 2376 2892 2892
3019 3017 2370 2370
3019 3018 2370 2370
1370 1372 241 241
1714 1701 3183 3183
1714 1712 3183 3183
1714 1736 3183 3183
1714 1711 3183 3183
1714 1707 3183 3183
1714 2435 3183 2914
1714 1690 3183 3183
1665 1666 3243 3243
2530 2531 964 964
1969 1970 739 739
2855 2865 928 928
1890 1887 896 896
1890 1892 896 896
1890 1889 896 896
2058 2059 2092 2092
2058 2060 2092 2092
2058 2057 2092 2092
574 572 3199 3199
574 573 3199 3199
1793 1794 1464 1464
1967 1968 60 60
2388 2389 2914 2914
1575 1574 420 420
3140 3137 2370 2370
3140 3095 2370 2370
3140 3145 2370 2370
3140 3142 2370 2370
3140 3151 2370 2370
3140 3143 2370 2370
3140 3135 2370 2370
3140 3089 2370 2370
3140 3087 2370 2370
1486 1485 1138 1138
1486 1489 1138 1138
1907 1909 3110 3110
795 790 2375 2375
795 791 2375 2375
795 794 2375 2375
795 789 2375 2375
795 781 2375 2375
903 902 1188 1188
3120 3121 2370 2370
2285 2286 795 795
997 996 1188 1188
272 273 838 838
1148 1149 771 771
1148 1147 771 771
2401 2400 2914 2914
2401 2399 2914 2914
1511 1494 1138 1138
1511 1510 1138 1138
736 739 67 67
736 738 67 67
670 669 61 61
670 668 61 61
3244 3245 2350 2350
2169 2165 2092 2092
2169 2168 2092 2092
2169 2230 2092 2092
2169 2167 2092 2092
2169 2232 2092 2092
664 665 3049 3049
1038 1039 1188 1188
704 703 74 74
704 700 74 74
704 698 74 74
704 699 74 74
704 702 74 74
704 696 74 74
1302 1300 2965 2965
1302 1323 2965 2965
1302 1301 2965 2965
1302 1308 2965 2965
1003 997 1188 1188
1003 999 1188 1188
1003 952 1188 1188
1003 1000 1188 1188
1003 1039 1188 1188
1003 950 1188 1188
2394 2393 2914 2914
3259 3257 84 84
3060 3059 2370 2370
2068 2079 2092 2092
2068 2085 2092 2092
2068 2065 2092 2092
2068 2080 2092 2092
3254 3253 3009 3009
3254 3255 3009 3009
955 954 1188 1188
2681 2680 90 90
2681 2679 90 90
2791 2792 2162 2162
127 126 577 577
127 90 577 577
2041 2042 1660 1660
2041 2046 1660 1660
2041 2034 1660 1660
744 745 2409 2409
2532 2533 941 941
2245 2058 795 2092
2245 2244 795 795
2245 2234 795 795
2245 2318 795 795
2245 2233 795 795
2245 2236 795 795
2245 2243 795 795
2245 2242 795 795
63 61 577 577
63 60 577 577
63 62 577 577
1599 1600 3243 3243
2546 2547 3161 3161
2478 1425 2914 241
1532 1531 2024 2024
1532 1533 2024 2024
2466 2472 2914 2914
2466 2465 2914 2914
3137 3136 2370 2370
3137 3049 2370 2370
618 615 3199 3199
618 827 3199 2375
618 581 3199 3199
618 617 3199 3199
618 537 3199 3199
618 609 3199 3199
1644 1640 3243 3243
1644 1642 3243 3243
1644 1643 3243 3243
1644 1677 3243 3243
422 423 601 601
2322 2330 2892 2892
2322 2320 2892 2892
2322 2323 2892 2892
2322 2321 2892 2892
2332 2331 2892 2892
957 958 1188 1188
922 49 1188 577
922 921 1188 1188
2834 2835 338 338
1623 1622 3243 3243
1623 1634 3243 3243
1623 1621 3243 3243
1512 1511 1138 1138
1512 1509 1138 1138
1512 1513 1138 1138
1512 1507 1138 1138
2656 2655 2549 2549
2157 2154 2092 2092
2157 2153 2092 2092
2157 2163 2092 2092
2157 2104 2092 2092
2157 3015 2092 2370
2157 2054 2092 2092
2157 2158 2092 2092
2157 2162 2092 2092
2157 2166 2092 2092
2157 2200 2092 2092
2157 2156 2092 2092
2157 2118 2092 2092
2157 2222 2092 2092
2157 2122 2092 2092
2157 609 2092 3199
2157 2151 2092 2092
2157 2225 2092 2092
1863 1864 3209 3209
2112 2107 2092 2092
2112 2106 2092 2092
2112 2104 2092 2092
2112 1278 2092 2965
2112 2116 2092 2092
2112 2050 2092 2092
2112 2124 2092 2092
2112 2105 2092 2092
2112 2111 2092 2092
2112 2108 2092 2092
2112 2113 2092 2092
494 491 1626 1626
494 493 1626 1626
494 496 1626 1626
494 584 1626 3199
494 492 1626 1626
1480 1479 1138 1138
1480 1474 1138 1138
1480 1475 1138 1138
572 573 3199 3199
2528 2529 741 741
2823 2824 1319 1319
1629 1628 3243 3243
1629 961 3243 1188
1629 1630 3243 3243
1629 1618 3243 3243
1629 1627 3243 3243
2463 119 2914 577
2463 2465 2914 2914
963 964 1188 1188
1867 1865 143 143
1626 1624 3243 3243
1626 1630 3243 3243
841 842 1849 1849
2888 2887 3218 3218
2888 2890 3218 3218
2590 2591 2155 2155
3190 3191 1479 1479
3190 3192 1479 1479
458 457 155 155
458 456 155 155
3043 3045 2370 2370
2011 2010 2164 2164
2011 2012 2164 2164
2951 2950 2370 2370
2951 2954 2370 2370
774 773 2375 2375
774 768 2375 2375
774 776 2375 2375
774 761 2375 2375
774 779 2375 2375
774 766 2375 2375
774 777 2375 2375
774 775 2375 2375
774 763 2375 2375
774 640 2375 3199
774 781 2375 2375
3204 3205 2177 2177
890 889 162 162
890 887 162 162
3136 2992 2370 2370
1751 1752 1607 1607
1488 1489 1138 1138
1488 1487 1138 1138
1772 1773 1216 1216
1408 1409 241 241
1408 1410 241 241
571 574 3199 3199
571 575 3199 3199
571 570 3199 3199
2107 2105 2092 2092
2771 2774 314 314
2771 2772 314 314
2076 2075 2092 2092
2262 2263 795 795
533 530 1626 1626
3149 3146 2370 2370
2880 2879 3218 3218
2910 2913 3218 3218
171 172 1971 1971
2661 2662 475 475
230 229 240 240
2293 2237 795 795
2293 2303 795 795
2293 2292 795 795
2293 2311 795 795
959 962 1188 1188
1440 1439 241 241
1440 1443 241 241
711 712 1991 1991
3236 3237 1596 1596
501 494 1626 1626
501 502 1626 1626
3099 3098 2370 2370
3099 3100 2370 2370
1425 1419 241 241
1425 1414 241 241
1425 1424 241 241
1425 1700 241 3183
1425 1427 241 241
1425 43 241 577
1425 1445 241 241
1425 158 241 577
1425 1423 241 241
1395 1392 241 241
1395 1394 241 241
1395 1393 241 241
1255 1264 2965 2965
1255 1256 2965 2965
1255 1260 2965 2965
1652 1653 3243 3243
852 849 212 212
852 850 212 212
3242 3243 2265 2265
2196 2178 2092 2092
2196 2199 2092 2092
1861 1860 3005 3005
1861 1862 3005 3005
1083 1082 220 220
3168 3169 1217 1217
810 814 2375 2375
810 809 2375 2375
810 808 2375 2375
2611 2610 2549 2549
156 164 577 577
156 155 577 577
156 157 577 577
2470 2469 2914 2914
2648 2647 2549 2549
2648 2652 2549 2549
2269 2270 795 795
1166 1161 234 234
1166 1165 234 234
116 115 577 577
116 117 577 577
1553 1552 2024 2024
1553 1557 2024 2024
233 230 240 240
233 232 240 240
233 231 240 240
1448 1447 241 241
1448 1446 241 241
2099 2100 2092 2092
603 604 3199 3199
61 65 577 577
1116 1117 2326 2326
1964 1965 2926 2926
2358 3101 2892 2370
2358 2348 2892 2892
2358 2349 2892 2892
2358 2372 2892 2892
2358 2357 2892 2892
2358 2377 2892 2892
2358 2386 2892 2892
2082 2080 2092 2092
2700 2699 1540 1540
2700 2701 1540 1540
1663 1657 3243 3243
1663 1717 3243 3183
1663 1659 3243 3243
1325 1319 2965 2965
1325 1324 2965 2965
1325 1331 2965 2965
2857 2855 928 928
2857 2865 928 928
2857 2856 928 928
2732 2731 568 568
32 41 577 577
32 31 577 577
32 22 577 577
32 29 577 577
32 30 577 577
32 23 577 577
32 28 577 577
32 44 577 577
32 38 577 577
32 27 577 577
32 42 577 577
2087 2068 2092 2092
2087 2086 2092 2092
2087 2094 2092 2092
2976 2952 2370 2370
2976 3084 2370 2370
2976 2973 2370 2370
2976 2972 2370 2370
2976 2974 2370 2370
310 311 2995 2995
310 312 2995 2995
3095 3136 2370 2370
3095 768 2370 2375
3095 3151 2370 2370
3095 3097 2370 2370
3095 3089 2370 2370
443 444 2257 2257
13 20 577 577
13 2306 577 795
13 14 577 577
1195 1185 2965 2965
1195 1194 2965 2965
1195 502 2965 1626
1195 1200 2965 2965
1035 1034 1188 1188
1035 1036 1188 1188
1035 1033 1188 1188
129 128 577 577
2716 2715 568 568
762 616 2375 3199
762 1412 2375 241
762 761 2375 2375
762 2386 2375 2892
240 239 2631 2631
240 244 2631 2631
399 400 1569 1569
2462 2437 2914 2914
2462 2473 2914 2914
2462 2452 2914 2914
2462 2461 2914 2914
2462 2448 2914 2914
2462 2392 2914 2914
2462 2460 2914 2914
2462 2472 2914 2914
2462 2455 2914 2914
2462 2454 2914 2914
2462 2435 2914 2914
2462 2459 2914 2914
1177 1179 2965 2965
226 227 3253 3253
226 225 3253 3253
131 132 577 577
2123 2898 2092 3218
2123 2121 2092 2092
2123 2916 2092 3218
2123 2118 2092 2092
2123 2117 2092 2092
2123 2122 2092 2092
2123 1287 2092 2965
1704 1701 3183 3183
2554 2557 821 821
2554 2555 821 821
828 802 2375 2375
512 500 1626 1626
512 511 1626 1626
512 498 1626 1626
512 477 1626 1626
512 508 1626 1626
2031 2030 1660 1660
317 318 1343 1343
448 447 1119 1119
303 302 2921 2921
591 588 3199 3199
830 2358 2375 2892
830 828 2375 2375
830 2350 2375 2892
830 3064 2375 2370
830 823 2375 2375
830 834 2375 2375
830 3134 2375 2370
765 766 2375 2375
2774 2773 314 314
898 899 1188 1188
898 900 1188 1188
351 349 2998 2998
351 350 2998 2998
351 352 2998 2998
546 1064 3199 1188
546 545 3199 3199
546 563 3199 3199
2836 2837 1541 1541
2836 2838 1541 1541
2130 583 2092 3199
2130 486 2092 1626
2130 2137 2092 2092
2130 2141 2092 2092
608 607 3199 3199
608 605 3199 3199
2926 2976 3218 2370
2926 2918 3218 3218
2926 2924 3218 3218
2926 2925 3218 3218
2926 2919 3218 3218
1303 1302 2965 2965
1303 1301 2965 2965
1303 1313 2965 2965
470 471 1626 1626
282 283 2189 2189
2835 2833 338 338
1418 1416 241 241
1418 1414 241 241
1418 1413 241 241
3113 3112 2370 2370
1225 1337 2965 2965
1869 1868 522 522
2106 2107 2092 2092
395 397 3150 3150
1193 1185 2965 2965
1193 1192 2965 2965
1193 1191 2965 2965
1193 1190 2965 2965
3017 3018 2370 2370
3004 3003 2370 2370
3004 3162 2370 2370
3004 3070 2370 2370
2035 2036 1660 1660
2766 2767 2931 2931
908 898 1188 1188
908 902 1188 1188
908 907 1188 1188
908 2445 1188 2914
908 1545 1188 2024
908 912 1188 1188
908 956 1188 1188
908 906 1188 1188
908 905 1188 1188
908 1433 1188 241
1938 1936 2926 2926
1938 1937 2926 2926
3261 3260 2771 2771
3261 3263 2771 2771
1231 1232 2965 2965
768 795 2375 2375
768 769 2375 2375
768 782 2375 2375
768 2283 2375 795
1352 1351 2965 2965
999 997 1188 1188
999 998 1188 1188
1463 1465 1138 1138
1536 1524 2024 2024
175 176 2515 2515
1827 1828 2906 2906
624 622 3199 3199
624 537 3199 3199
631 630 3199 3199
2654 2655 2549 2549
3025 3023 2370 2370
3025 3024 2370 2370
1809 1810 1773 1773
316 315 384 384
1432 1433 241 241
2981 2168 2370 2092
2981 2980 2370 2370
2981 2979 2370 2370
2981 3073 2370 2370
2981 2977 2370 2370
1130 1129 2171 2171
1658 1659 3243 3243
853 854 1255 1255
2204 2212 2092 2092
2204 2206 2092 2092
2204 2205 2092 2092
2204 2210 2092 2092
2204 2228 2092 2092
2504 2506 1854 1854
2504 2507 1854 1854
952 951 1188 1188
214 213 403 403
2063 2392 2092 2914
2019 2018 1250 1250
1812 1811 407 407
238 240 2631 2631
238 242 2631 2631
2733 2734 568 568
2636 2648 2549 2549
2636 2605 2549 2549
2636 2635 2549 2549
1210 1211 2965 2965
1210 1213 2965 2965
1505 1504 1138 1138
1505 1496 1138 1138
1505 1501 1138 1138
1505 1498 1138 1138
1505 1495 1138 1138
1185 1189 2965 2965
2350 3101 2892 2370
2350 2348 2892 2892
2350 2349 2892 2892
2350 2372 2892 2892
2350 2377 2892 2892
2350 2386 2892 2892
2605 2648 2549 2549
2605 2604 2549 2549
1596 1595 420 420
1596 1584 420 420
1596 1586 420 420
1596 1585 420 420
1596 1594 420 420
1596 1591 420 420
1342 1303 2965 2965
1342 1225 2965 2965
1342 1330 2965 2965
1342 1340 2965 2965
1342 1335 2965 2965
1342 1341 2965 2965
1342 1333 2965 2965
1342 1328 2965 2965
1342 1332 2965 2965
1342 1205 2965 2965
1342 628 2965 3199
413 415 2597 2597
1684 1683 3183 3183
1684 1681 3183 3183
1008 1044 1188 1188
1008 1009 1188 1188
1008 1016 1188 1188
1008 1039 1188 1188
1008 1018 1188 1188
1789 1790 995 995
3210 3211 2573 2573
1482 1486 1138 1138
1482 1489 1138 1138
542 541 3199 3199
542 544 3199 3199
542 540 3199 3199
2418 2419 2914 2914
2418 2422 2914 2914
865 866 3201 3201
2784 2783 440 440
2784 2782 440 440
2784 2781 440 440
2784 2780 440 440
2787 2788 1124 1124
1993 1995 1595 1595
1521 1524 2024 2024
3006 2984 2370 2370
2429 2401 2914 2914
2429 2427 2914 2914
2429 2426 2914 2914
2429 2417 2914 2914
1887 1886 896 896
611 3068 3199 2370
611 3005 3199 2370
611 612 3199 3199
1631 1630 3243 3243
1631 1632 3243 3243
2699 2698 1540 1540
75 164 577 577
75 74 577 577
970 971 1188 1188
1933 1932 2926 2926
1785 1786 2228 2228
577 578 3199 3199
577 579 3199 3199
977 978 1188 1188
1728 1730 3183 3183
691 692 2406 2406
237 236 474 474
237 235 474 474
1582 1581 420 420
1775 1776 1354 1354
1493 1494 1138 1138
532 528 1626 1626
532 533 1626 1626
532 486 1626 1626
532 487 1626 1626
2960 3015 2370 2370
2960 2949 2370 2370
2960 2966 2370 2370
2960 2955 2370 2370
2033 2032 1660 1660
2033 2034 1660 1660
973 972 1188 1188
973 971 1188 1188
958 959 1188 1188
1795 1796 1610 1610
982 981 1188 1188
982 983 1188 1188
1336 1304 2965 2965
1979 1980 1704 1704
594 593 3199 3199
80 82 577 577
80 1726 577 3183
2721 2722 568 568
2721 2720 568 568
46 45 577 577
2404 908 2914 1188
1848 1849 1017 1017
2267 2268 795 795
2724 2723 568 568
1805 1810 1773 1773
1725 1726 3183 3183
2330 2323 2892 2892
2330 2321 2892 2892
2559 2558 513 513
36 23 577 577
36 44 577 577
36 38 577 577
149 152 577 577
1871 1870 522 522
1871 1869 522 522
2163 618 2092 3199
2163 2156 2092 2092
2163 2051 2092 2092
2163 2225 2092 2092
1815 1816 1326 1326
2550 2549 526 526
2550 2548 526 526
2052 2053 2092 2092
114 113 577 577
114 122 577 577
114 119 577 577
3145 3136 2370 2370
3145 3149 2370 2370
3145 762 2370 2375
3145 768 2370 2375
3145 3141 2370 2370
3145 3047 2370 2370
3145 3150 2370 2370
3145 3167 2370 2370
3145 3089 2370 2370
3145 3156 2370 2370
3145 2056 2370 2092
3145 3049 2370 2370
3145 3144 2370 2370
2494 2495 1854 1854
2942 2943 2370 2370
2437 2436 2914 2914
2893 2925 3218 3218
2893 1281 3218 2965
2893 2866 3218 3218
2516 2517 1854 1854
2516 2519 1854 1854
1261 1262 2965 2965
2789 2790 1625 1625
878 876 1114 1114
613 614 3199 3199
613 615 3199 3199
1095 1096 2450 2450
1891 1892 896 896
964 962 1188 1188
964 1533 1188 2024
1584 1583 420 420
1584 1582 420 420
1584 49 420 577
567 569 3199 3199
567 564 3199 3199
567 547 3199 3199
567 566 3199 3199
438 439 3119 3119
3174 3175 2554 2554
1598 1597 3243 3243
737 736 67 67
737 739 67 67
737 738 67 67
974 973 1188 1188
974 972 1188 1188
974 971 1188 1188
974 976 1188 1188
2079 2078 2092 2092
2079 2077 2092 2092
379 378 565 565
2209 2202 2092 2092
2737 2732 568 568
2737 2733 568 568
2737 2731 568 568
2737 2736 568 568
2737 2713 568 568
2737 2718 568 568
2737 2728 568 568
2737 2729 568 568
2737 1271 568 2965
2737 2734 568 568
2737 1397 568 241
2737 2735 568 568
2576 2577 2973 2973
2428 2429 2914 2914
2665 2666 1506 1506
660 661 2418 2418
687 685 2406 2406
687 686 2406 2406
687 690 2406 2406
1846 1847 891 891
164 163 577 577
164 159 577 577
164 154 577 577
164 160 577 577
164 155 577 577
164 162 577 577
164 157 577 577
2613 2611 2549 2549
2613 2612 2549 2549
2613 2626 2549 2549
2613 2614 2549 2549
2486 2483 1854 1854
1767 1765 583 583
93 94 577 577
2858 2859 928 928
1757 1758 2224 2224
252 251 592 592
1656 1652 3243 3243
1656 1655 3243 3243
2361 2362 2892 2892
2085 2078 2092 2092
2085 2082 2092 2092
2085 2079 2092 2092
65 64 577 577
65 56 577 577
2363 2364 2892 2892
3180 3179 607 607
3078 2330 2370 2892
3078 3079 2370 2370
3078 651 2370 3199
1801 1802 2983 2983
1961 1960 2926 2926
1254 1251 2965 2965
1254 2116 2965 2092
1254 1287 2965 2965
1254 1250 2965 2965
1254 1253 2965 2965
2403 2402 2914 2914
636 584 3199 3199
3040 2157 2370 2092
3040 3039 2370 2370
3040 3038 2370 2370
3040 2217 2370 2092
3040 3037 2370 2370
3040 3066 2370 2370
3040 616 2370 3199
3040 3028 2370 2370
3040 2216 2370 2092
3040 609 2370 3199
3040 2055 2370 2092
3040 3049 2370 2370
1194 1200 2965 2965
1194 520 2965 1626
83 2455 577 2914
83 98 577 577
2090 2091 2092 2092
1318 1303 2965 2965
1318 1317 2965 2965
1318 1309 2965 2965
1318 1313 2965 2965
1318 1335 2965 2965
1318 1288 2965 2965
1318 1315 2965 2965
3183 3182 630 630
3183 3181 630 630
732 731 2287 2287
3176 3177 3026 3026
2898 2899 3218 3218
2898 2897 3218 3218
1460 1480 1138 1138
1460 1468 1138 1138
95 91 577 577
95 90 577 577
683 682 640 640
683 680 640 640
9 11 577 577
2234 2235 795 795
2234 2237 795 795
3068 2224 2370 2092
3068 3095 2370 2370
3068 3145 2370 2370
3068 3045 2370 2370
3068 3040 2370 2370
3068 3041 2370 2370
3068 2904 2370 3218
3068 2149 2370 2092
3068 3083 2370 2370
3068 790 2370 2375
3068 3086 2370 2370
3068 3024 2370 2370
3068 3016 2370 2370
3068 2051 2370 2092
3068 1954 2370 2926
3068 2203 2370 2092
3068 770 2370 2375
3068 3135 2370 2370
3068 2970 2370 2370
3068 3100 2370 2370
3068 3002 2370 2370
3068 3055 2370 2370
3068 3088 2370 2370
3068 3067 2370 2370
3068 2095 2370 2092
3068 2930 2370 3218
2104 2103 2092 2092
2104 2102 2092 2092
2104 2101 2092 2092
1012 1013 1188 1188
1012 1014 1188 1188
2485 2486 1854 1854
2485 2527 1854 1854
2625 2623 2549 2549
812 810 2375 2375
812 816 2375 2375
812 822 2375 2375
812 811 2375 2375
812 807 2375 2375
812 813 2375 2375
2120 2119 2092 2092
646 644 3199 3199
2406 2408 2914 2914
2995 3004 2370 2370
2995 3003 2370 2370
2995 2993 2370 2370
2995 2945 2370 2370
2995 2051 2370 2092
2995 537 2370 3199
2995 3000 2370 2370
3034 3033 2370 2370
313 314 270 270
1176 1179 2965 2965
2597 2596 1966 1966
2637 2638 2549 2549
72 71 577 577
1544 1545 2024 2024
1544 1542 2024 2024
1770 1769 666 666
3027 3037 2370 2370
3027 3028 2370 2370
3015 3161 2370 2370
3015 2926 2370 3218
3015 3004 2370 2370
3015 3014 2370 2370
3015 2993 2370 2370
3015 2899 2370 3218
3015 2907 2370 3218
3015 2897 2370 3218
3015 2945 2370 2370
3015 3058 2370 2370
3015 3167 2370 2370
3015 2891 2370 3218
3015 3160 2370 2370
1489 1485 1138 1138
1875 1874 673 673
2653 2652 2549 2549
1688 1680 3183 3183
1688 1685 3183 3183
1688 1687 3183 3183
1688 1682 3183 3183
1688 1679 3183 3183
1688 1736 3183 3183
1688 1681 3183 3183
1688 1549 3183 2024
1688 1710 3183 3183
1688 1686 3183 3183
1688 1690 3183 3183
1688 1678 3183 3183
20 32 577 577
20 21 577 577
20 19 577 577
432 433 2774 2774
1530 1533 2024 2024
598 597 3199 3199
549 551 3199 3199
549 2378 3199 2892
549 550 3199 3199
549 548 3199 3199
549 2381 3199 2892
549 537 3199 3199
549 2225 3199 2092
2713 2727 568 568
929 928 1188 1188
929 936 1188 1188
2725 2724 568 568
946 977 1188 1188
946 929 1188 1188
946 944 1188 1188
2121 2120 2092 2092
1041 1042 1188 1188
358 357 694 694
2178 2171 2092 2092
2178 2183 2092 2092
2178 2177 2092 2092
2178 2176 2092 2092
2178 2175 2092 2092
2178 2174 2092 2092
2178 2172 2092 2092
2178 2173 2092 2092
26 24 577 577
2586 2584 699 699
2586 2585 699 699
1647 1645 3243 3243
1647 1646 3243 3243
1647 1651 3243 3243
1647 1649 3243 3243
280 281 2049 2049
1806 1810 1773 1773
1953 1952 2926 2926
79 156 577 577
79 2629 577 2549
79 77 577 577
79 75 577 577
79 164 577 577
79 78 577 577
79 72 577 577
79 159 577 577
79 154 577 577
79 160 577 577
79 21 577 577
79 44 577 577
79 155 577 577
79 68 577 577
79 2111 577 2092
79 1467 577 1138
79 2633 577 2549
79 2658 577 2549
79 82 577 577
79 1605 577 3243
79 2632 577 2549
2574 2575 2923 2923
2385 2378 2892 2892
2385 2379 2892 2892
2385 2381 2892 2892
2385 2384 2892 2892
2385 2382 2892 2892
2385 2376 2892 2892
2231 646 2092 3199
2231 2230 2092 2092
1645 1646 3243 3243
1390 1380 241 241
1390 1387 241 241
1390 1388 241 241
2143 2142 2092 2092
2143 2144 2092 2092
3071 3072 2370 2370
638 639 3199 3199
1392 1391 241 241
1360 1363 2965 2965
1360 1349 2965 2965
2304 2527 795 1854
2983 2984 2370 2370
2208 2209 2092 2092
2208 2207 2092 2092
1380 1381 241 241
1380 1382 241 241
3054 3090 2370 2370
3054 3023 2370 2370
3054 3053 2370 2370
1913 1914 3110 3110
3246 3247 2752 2752
2799 2798 731 731
837 838 1348 1348
353 354 2998 2998
204 205 3035 3035
2853 2854 928 928
1264 1266 2965 2965
1264 1259 2965 2965
1264 1265 2965 2965
2212 2211 2092 2092
2212 2210 2092 2092
2212 2228 2092 2092
2054 2052 2092 2092
2054 2059 2092 2092
1301 1300 2965 2965
1301 1308 2965 2965
3186 3184 749 749
933 935 1188 1188
2684 2683 753 753
2684 2682 753 753
3062 3060 2370 2370
3062 3063 2370 2370
3062 3061 2370 2370
3041 2897 2370 3218
1926 1925 2926 2926
1926 1927 2926 2926
1926 1962 2926 2926
1926 1923 2926 2926
2468 2470 2914 2914
2445 2446 2914 2914
2445 2444 2914 2914
2445 1736 2914 3183
3080 3073 2370 2370
3080 3074 2370 2370
3080 3077 2370 2370
3001 3003 2370 2370
3001 2999 2370 2370
3001 3000 2370 2370
1723 1724 3183 3183
2742 2743 1912 1912
2049 2143 2092 2092
2049 2048 2092 2092
583 584 3199 3199
583 582 3199 3199
1523 1521 2024 2024
1523 1522 2024 2024
592 591 3199 3199
592 586 3199 3199
592 588 3199 3199
3029 3027 2370 2370
674 672 781 781
674 673 781 781
2936 2935 2370 2370
2936 2937 2370 2370
936 928 1188 1188
1241 1240 2965 2965
2912 2911 3218 3218
2904 2901 3218 3218
2904 2906 3218 3218
2904 2866 3218 3218
2904 2903 3218 3218
2896 2897 3218 3218
2896 2895 3218 3218
586 588 3199 3199
845 846 2301 2301
152 133 577 577
152 127 577 577
152 151 577 577
152 118 577 577
152 124 577 577
152 1448 577 241
152 131 577 577
152 145 577 577
152 103 577 577
152 147 577 577
152 148 577 577
152 164 577 577
152 2406 577 2914
152 146 577 577
152 144 577 577
152 150 577 577
152 123 577 577
152 102 577 577
152 120 577 577
152 126 577 577
152 143 577 577
152 134 577 577
152 2398 577 2914
152 119 577 577
152 1736 577 3183
152 142 577 577
152 139 577 577
152 821 577 2375
152 1699 577 3183
152 140 577 577
152 141 577 577
152 130 577 577
152 1551 577 2024
152 136 577 577
152 125 577 577
152 105 577 577
152 1604 577 3243
152 1722 577 3183
152 97 577 577
152 1444 577 241
152 101 577 577
152 2435 577 2914
152 138 577 577
152 157 577 577
152 132 577 577
152 158 577 577
152 1446 577 241
152 1750 577 3183
152 137 577 577
152 2430 577 2914
2318 2316 795 795
2318 2314 795 795
2318 2317 795 795
2318 2315 795 795
2318 2312 795 795
2318 2313 795 795
2500 2499 1854 1854
491 490 1626 1626
491 489 1626 1626
3064 3140 2370 2370
3064 3043 2370 2370
3064 2981 2370 2370
3064 3145 2370 2370
3064 3057 2370 2370
3064 3015 2370 2370
3064 3054 2370 2370
3064 2988 2370 2370
3064 3047 2370 2370
3064 2964 2370 2370
3064 3151 2370 2370
3064 3063 2370 2370
3064 3065 2370 2370
3064 3066 2370 2370
3064 2984 2370 2370
3064 783 2370 2375
3064 3026 2370 2370
3064 3058 2370 2370
3064 3086 2370 2370
3064 3016 2370 2370
3064 3007 2370 2370
3064 3042 2370 2370
3064 3143 2370 2370
3064 3052 2370 2370
3064 3056 2370 2370
3064 3093 2370 2370
3064 2992 2370 2370
3064 3089 2370 2370
3064 3046 2370 2370
3064 3087 2370 2370
3064 3049 2370 2370
3064 3044 2370 2370
943 952 1188 1188
943 946 1188 1188
943 941 1188 1188
943 1051 1188 1188
943 554 1188 3199
943 909 1188 1188
943 938 1188 1188
943 942 1188 1188
943 950 1188 1188
943 904 1188 1188
943 996 1188 1188
943 953 1188 1188
943 944 1188 1188
1738 1737 3183 3183
1738 1741 3183 3183
3141 3010 2370 2370
1278 1412 2965 241
1278 1279 2965 2965
3037 3034 2370 2370
3037 3036 2370 2370
645 2376 3199 2892
2490 2491 1854 1854
2490 2492 1854 1854
1449 1450 1138 1138
1449 1451 1138 1138
1947 1948 2926 2926
2570 2571 2701 2701
2557 2556 821 821
1036 1037 1188 1188
1069 1070 2061 2061
639 2130 3199 2092
639 491 3199 1626
639 637 3199 3199
639 2138 3199 2092
764 765 2375 2375
2059 2166 2092 2092
1509 1508 1138 1138
1797 1798 2163 2163
1564 1565 2024 2024
274 275 1226 1226
2132 2131 2092 2092
2132 2133 2092 2092
2659 2660 316 316
473 472 1626 1626
1808 1809 1773 1773
1808 1805 1773 1773
1808 1806 1773 1773
1808 1807 1773 1773
1729 1730 3183 3183
1310 1312 2965 2965
1167 1169 2533 2533
1167 1168 2533 2533
619 623 3199 3199
619 640 3199 3199
2630 2631 2549 2549
2988 2987 2370 2370
2988 2990 2370 2370
187 185 849 849
1258 1259 2965 2965
1258 1257 2965 2965
505 512 1626 1626
3094 3091 2370 2370
1386 1385 241 241
1386 1380 241 241
1386 1383 241 241
1386 1384 241 241
166 165 859 859
3106 3107 2370 2370
1791 1792 1181 1181
1843 1842 867 867
2351 2353 2892 2892
2351 2357 2892 2892
1845 1843 867 867
1845 1841 867 867
576 578 3199 3199
1909 1908 3110 3110
1949 1948 2926 2926
2578 2579 3153 3153
1746 1728 3183 3183
1746 1738 3183 3183
1746 1745 3183 3183
1746 1744 3183 3183
1746 1742 3183 3183
1746 1743 3183 3183
2075 2074 2092 2092
1929 1930 2926 2926
40 41 577 577
40 2406 577 2914
40 2624 577 2549
40 44 577 577
40 42 577 577
40 39 577 577
2114 2115 2092 2092
1252 1253 2965 2965
3142 3136 2370 2370
3142 3141 2370 2370
3142 3026 2370 2370
3142 3049 2370 2370
2651 2649 2549 2549
2651 2653 2549 2549
2651 2650 2549 2549
2651 2658 2549 2549
2651 2640 2549 2549
519 512 1626 1626
519 518 1626 1626
519 517 1626 1626
3147 3148 2370 2370
1415 1416 241 241
1415 1414 241 241
1415 1413 241 241
1051 1050 1188 1188
1051 1049 1188 1188
1897 1893 896 896
3047 2224 2370 2092
3047 3043 2370 2370
3047 3045 2370 2370
3047 3054 2370 2370
3047 3056 2370 2370
3047 3081 2370 2370
3047 2970 2370 2370
3047 3046 2370 2370
3047 3091 2370 2370
2568 2569 2168 2168
276 277 1583 1583
2931 2934 2370 2370
461 465 18 18
461 459 18 18
461 462 18 18
461 460 18 18
2299 2296 795 795
2299 2298 795 795
2299 2297 795 795
1906 1907 3110 3110
700 699 74 74
344 345 1545 1545
2102 2103 2092 2092
2102 2101 2092 2092
1377 1376 241 241
1377 1379 241 241
2739 2738 916 916
2015 2014 2164 2164
2015 2017 2164 2164
2015 2016 2164 2164
2015 2013 2164 2164
2015 2006 2164 2164
2015 2007 2164 2164
2044 2045 1660 1660
3189 3188 919 919
3189 3187 919 919
1312 1311 2965 2965
1031 1030 1188 1188
1371 1372 241 241
60 59 577 577
60 58 577 577
60 57 577 577
2433 2434 2914 2914
1799 1800 2205 2205
2865 2863 928 928
2865 2858 928 928
2865 2864 928 928
2865 2861 928 928
2865 2862 928 928
2865 2859 928 928
2865 2860 928 928
2689 2690 2452 2452
2628 988 2549 1188
2628 2625 2549 2549
2628 2626 2549 2549
2628 2627 2549 2549
2628 990 2549 1188
1931 1929 2926 2926
2353 2352 2892 2892
2353 2357 2892 2892
1109 1108 934 934
168 167 935 935
1615 1614 3243 3243
1615 1611 3243 3243
1053 1054 1188 1188
1044 1038 1188 1188
1044 1003 1188 1188
1044 1017 1188 1188
1044 1043 1188 1188
1044 1026 1188 1188
1044 1018 1188 1188
1208 1209 2965 2965
1208 1211 2965 2965
1263 1262 2965 2965
653 652 950 950
694 695 2406 2406
569 2154 3199 2092
569 568 3199 3199
569 550 3199 3199
569 552 3199 3199
569 537 3199 3199
569 565 3199 3199
295 294 955 955
295 293 955 955
2841 2842 1659 1659
2841 2839 1659 1659
1086 1085 957 957
1107 1106 958 958
1128 1127 959 959
1128 1126 959 959
250 248 960 960
250 247 960 960
250 249 960 960
2718 2717 568 568
2718 2719 568 568
648 649 3199 3199
2324 2330 2892 2892
2324 2163 2892 2092
2324 2051 2892 2092
2324 2323 2892 2892
1674 1672 3243 3243
2894 2893 3218 3218
2894 2904 3218 3218
2894 2892 3218 3218
2894 2897 3218 3218
2894 2928 3218 3218
2894 2919 3218 3218
2894 2900 3218 3218
2894 2901 3218 3218
2894 2866 3218 3218
2894 3167 3218 2370
2894 2203 3218 2092
2894 2930 3218 3218
2125 3040 2092 2370
2125 2126 2092 2092
1468 1479 1138 1138
1468 1453 1138 1138
1468 1514 1138 1138
1468 1474 1138 1138
1468 1475 1138 1138
3199 3198 975 975
1330 1329 2965 2965
1457 1516 1138 1138
1457 1462 1138 1138
1457 1459 1138 1138
1457 1456 1138 1138
1457 1452 1138 1138
1457 1455 1138 1138
827 826 2375 2375
827 824 2375 2375
877 878 1114 1114
398 399 1569 1569
398 401 1569 1569
2595 2597 1966 1966
2595 2593 1966 1966
967 966 1188 1188
967 965 1188 1188
1366 1367 2965 2965
1366 1368 2965 2965
1856 1857 2448 2448
3112 3111 2370 2370
2149 1222 2092 2965
3072 3073 2370 2370
869 871 2700 2700
2171 2170 2092 2092
1667 1668 3243 3243
1667 1654 3243 3243
2617 2615 2549 2549
1957 1958 2926 2926
1297 1299 2965 2965
836 835 1012 1012
2192 2193 2092 2092
2192 2191 2092 2092
1749 1748 3183 3183
8 6 1020 1020
1538 1536 2024 2024
1538 1537 2024 2024
1538 1520 2024 2024
1538 1524 2024 2024
915 914 1188 1188
915 916 1188 1188
961 1031 1188 1188
961 960 1188 1188
1664 1663 3243 3243
1664 1662 3243 3243
1664 1660 3243 3243
2620 2648 2549 2549
2620 2619 2549 2549
1299 1302 2965 2965
1299 1301 2965 2965
1299 1298 2965 2965
1299 1307 2965 2965
1299 1292 2965 2965
1299 1188 2965 2965
705 706 615 615
343 348 1545 1545
343 342 1545 1545
1222 1221 2965 2965
1222 1220 2965 2965
1222 1219 2965 2965
1222 1215 2965 2965
2476 2466 2914 2914
2476 2462 2914 2914
2476 2443 2914 2914
2476 2474 2914 2914
2476 2475 2914 2914
2476 2467 2914 2914
2476 2482 2914 2914
1420 1421 241 241
23 22 577 577
23 15 577 577
23 24 577 577
2502 2500 1854 1854
2502 2527 1854 1854
2502 2508 1854 1854
2502 2499 1854 1854
1520 1517 2024 2024
2644 2646 2549 2549
2069 2076 2092 2092
2069 2099 2092 2092
2069 2070 2092 2092
2069 2072 2092 2092
2069 2071 2092 2092
1179 1178 2965 2965
1901 1900 1046 1046
1901 1899 1046 1046
1901 1898 1046 1046
1104 1105 724 724
2740 2741 1384 1384
2040 2041 1660 1660
2908 951 3218 1188
2786 2785 1052 1052
1568 1567 2024 2024
1454 1474 1138 1138
2233 2235 795 795
2233 2237 795 795
1838 1840 3061 3061
2845 2847 1210 1210
2845 2843 1210 1210
181 182 3090 3090
3084 3085 2370 2370
2964 2976 2370 2370
2964 3006 2370 2370
2964 2963 2370 2370
2964 2982 2370 2370
2964 3167 2370 2370
2964 609 2370 3199
2083 2084 2092 2092
349 352 2998 2998
349 356 2998 2998
802 796 2375 2375
802 801 2375 2375
802 800 2375 2375
802 797 2375 2375
110 107 577 577
110 109 577 577
110 105 577 577
2831 2832 2642 2642
873 872 1114 1114
257 258 2518 2518
209 208 3185 3185
1411 1412 241 241
851 852 212 212
363 364 2070 2070
284 285 2745 2745
1917 1915 3110 3110
1917 1913 3110 3110
1917 1909 3110 3110
1917 1916 3110 3110
1917 1914 3110 3110
3151 3149 2370 2370
3151 768 2370 2375
3151 3141 2370 2370
3151 3047 2370 2370
3151 3150 2370 2370
3151 3156 2370 2370
3151 3049 2370 2370
637 635 3199 3199
2296 2295 795 795
169 170 1341 1341
1162 1163 234 234
1169 1172 2533 2533
1169 1175 2533 2533
1169 1168 2533 2533
1490 1492 1138 1138
2434 2401 2914 2914
2434 2432 2914 2914
2434 2417 2914 2914
2003 2002 3215 3215
2263 2260 795 795
2263 2261 795 795
3124 3125 2370 2370
989 988 1188 1188
1372 1376 241 241
1372 1374 241 241
1372 1373 241 241
2758 2759 2404 2404
882 883 162 162
882 884 162 162
1814 1813 1110 1110
2776 2778 2272 2272
1450 1468 1138 1138
2885 2880 3218 3218
2885 2884 3218 3218
2885 2942 3218 2370
2885 2878 3218 3218
2885 2882 3218 3218
2885 2881 3218 3218
2885 2883 3218 3218
881 880 1114 1114
881 879 1114 1114
3128 3129 2370 2370
122 121 577 577
452 448 1119 1119
452 446 1119 1119
1554 1555 2024 2024
1641 1644 3243 3243
1641 1642 3243 3243
2850 2851 928 928
1017 1016 1188 1188
1017 1039 1188 1188
71 73 577 577
1399 1440 241 241
1399 1425 241 241
1399 1398 241 241
1399 1404 241 241
1399 1411 241 241
1399 43 241 577
1399 2064 241 2092
1399 1397 241 241
1399 820 241 2375
1399 1403 241 241
1466 1468 1138 1138
1466 1467 1138 1138
1516 1497 1138 1138
1516 1514 1138 1138
1516 1494 1138 1138
1516 1474 1138 1138
1516 1515 1138 1138
948 947 1188 1188
948 949 1188 1188
1634 1633 3243 3243
772 771 2375 2375
772 768 2375 2375
772 769 2375 2375
772 766 2375 2375
772 770 2375 2375
772 763 2375 2375
772 767 2375 2375
1894 1897 896 896
1894 1895 896 896
2892 2919 3218 3218
2892 2906 3218 3218
2892 2954 3218 2370
2804 2805 2801 2801
1196 1197 2965 2965
1011 1008 1188 1188
1011 912 1188 1188
1011 1010 1188 1188
1483 1482 1138 1138
1483 1481 1138 1138
1837 1838 3061 3061
1837 1839 3061 3061
912 911 1188 1188
912 909 1188 1188
912 953 1188 1188
217 216 1163 1163
217 215 1163 1163
2091 2089 2092 2092
298 297 1165 1165
1419 1420 241 241
1419 1421 241 241
488 528 1626 1626
488 495 1626 1626
488 522 1626 1626
488 520 1626 1626
934 933 1188 1188
934 936 1188 1188
1755 1756 1743 1743
1702 1701 3183 3183
1778 1779 2067 2067
222 221 2041 2041
1533 1536 2024 2024
1066 1065 1182 1182
1878 1877 1183 1183
1878 1876 1183 1183
1733 1714 3183 3183
1733 1925 3183 2926
1733 1732 3183 3183
1733 1728 3183 3183
1733 1685 3183 3183
1733 1739 3183 3183
1733 1736 3183 3183
1733 1727 3183 3183
1733 1689 3183 3183
1733 1709 3183 3183
1733 1731 3183 3183
1733 1690 3183 3183
1733 1678 3183 3183
1733 1696 3183 3183
1376 1373 241 241
2062 2061 2092 2092
1064 1063 1188 1188
1064 1584 1188 420
1064 941 1188 1188
1064 1062 1188 1188
1064 1051 1188 1188
1064 1061 1188 1188
1064 1060 1188 1188
1064 930 1188 1188
1064 1059 1188 1188
1064 1052 1188 1188
1064 562 1188 3199
1064 1649 1188 3243
1064 1058 1188 1188
1064 1048 1188 1188
1064 1057 1188 1188
3036 3035 2370 2370
2162 2163 2092 2092
2258 598 795 3199
2258 2275 795 795
2258 2253 795 795
2258 2257 795 795
2258 2259 795 795
2521 2520 1854 1854
1170 1171 2533 2533
1577 1578 420 420
1577 2886 420 3218
2949 3041 2370 2370
2949 3029 2370 2370
2949 2904 2370 3218
2949 2894 2370 3218
2949 2149 2370 2092
2949 2964 2370 2370
2949 2907 2370 3218
2949 2932 2370 2370
2949 2945 2370 2370
2949 2961 2370 2370
2949 2900 2370 3218
2949 2941 2370 2370
2949 2903 2370 3218
2949 2891 2370 3218
2949 2948 2370 2370
2949 2944 2370 2370
2949 2902 2370 3218
677 676 1200 1200
3066 3065 2370 2370
3066 2991 2370 2370
3066 3056 2370 2370
3066 2386 2370 2892
382 381 1205 1205
254 253 1206 1206
502 512 1626 1626
502 505 1626 1626
2847 2846 1210 1210
2161 2157 2092 2092
2161 2162 2092 2092
2161 2159 2092 2092
2161 2160 2092 2092
1350 1363 2965 2965
1350 1344 2965 2965
1156 1155 234 234
1773 1771 1216 1216
1340 1336 2965 2965
1340 1341 2965 2965
1340 1338 2965 2965
641 575 3199 3199
641 570 3199 3199
641 537 3199 3199
641 547 3199 3199
641 643 3199 3199
641 651 3199 3199
2506 2505 1854 1854
2506 2527 1854 1854
3083 3085 2370 2370
2915 2913 3218 3218
713 714 2063 2063
387 386 2623 2623
387 389 2623 2623
35 32 577 577
35 37 577 577
1638 1637 3243 3243
1638 1639 3243 3243
2899 2926 3218 3218
2899 2893 3218 3218
2899 2892 3218 3218
2899 2928 3218 3218
2899 2901 3218 3218
2899 2866 3218 3218
2899 2203 3218 2092
2899 3159 3218 2370
2899 2930 3218 3218
2907 2927 3218 3218
2907 2893 3218 3218
2907 2904 3218 3218
2907 2894 3218 3218
2907 2892 3218 3218
2907 2928 3218 3218
2907 2900 3218 3218
2907 2901 3218 3218
2907 2866 3218 3218
2907 3167 3218 2370
2907 2903 3218 3218
2907 2203 3218 2092
2907 2890 3218 3218
2907 2930 3218 3218
2183 2181 2092 2092
2183 2182 2092 2092
2183 2180 2092 2092
3079 3080 2370 2370
367 368 2359 2359
1630 1632 3243 3243
1630 1619 3243 3243
672 671 781 781
2843 2847 1210 1210
210 209 3185 3185
516 518 1626 1626
516 519 1626 1626
516 515 1626 1626
516 517 1626 1626
1354 1363 2965 2965
1354 1355 2965 2965
1354 1353 2965 2965
1903 1904 3110 3110
2534 2535 1616 1616
2086 2085 2092 2092
2086 2094 2092 2092
1971 1972 1167 1167
2370 567 2892 3199
2370 2380 2892 2892
2370 2369 2892 2892
2370 2365 2892 2892
2370 606 2892 3199
2029 2019 1250 1250
2029 2024 1250 1250
2029 2025 1250 1250
2029 2028 1250 1250
500 498 1626 1626
1349 1348 2965 2965
1349 1345 2965 2965
1349 1343 2965 2965
1349 1346 2965 2965
1349 1347 2965 2965
2347 2348 2892 2892
1040 1041 1188 1188
1224 1225 2965 2965
1224 1223 2965 2965
1612 1615 3243 3243
1612 1613 3243 3243
2869 2870 3218 3218
2869 2867 3218 3218
1562 1561 2024 2024
1562 1564 2024 2024
2249 2248 795 795
2249 2250 795 795
3234 3235 1792 1792
604 602 3199 3199
604 601 3199 3199
604 606 3199 3199
604 599 3199 3199
2932 2931 2370 2370
833 3095 2375 2370
833 762 2375 2375
833 611 2375 3199
833 3015 2375 2370
833 832 2375 2375
833 640 2375 3199
833 3010 2375 2370
893 892 1188 1188
219 220 1590 1590
3013 3012 2370 2370
3013 3011 2370 2370
3013 3010 2370 2370
186 187 849 849
1896 1897 896 896
1896 1895 896 896
1724 1722 3183 3183
1850 1851 1454 1454
1692 1691 3183 3183
2484 2485 1854 1854
2306 2293 795 795
2306 2305 795 795
2306 2237 795 795
2306 2303 795 795
2306 2302 795 795
2306 2301 795 795
2306 2259 795 795
2306 2311 795 795
2096 1399 2092 241
2096 2097 2092 2092
2748 2750 1499 1499
2042 2043 1660 1660
2042 2039 1660 1660
1321 1322 2965 2965
616 615 3199 3199
616 1412 3199 241
616 617 3199 3199
2305 2304 795 795
2443 2462 2914 2914
2443 2432 2914 2914
2443 2438 2914 2914
2443 2472 2914 2914
2443 2442 2914 2914
2276 2277 795 795
2507 2500 1854 1854
2507 2502 1854 1854
2507 2506 1854 1854
2507 2509 1854 1854
2507 2515 1854 1854
2507 2508 1854 1854
2507 2501 1854 1854
2507 2499 1854 1854
2507 2498 1854 1854
2704 2705 2197 2197
2704 2703 2197 2197
2206 2207 2092 2092
2206 2200 2092 2092
2206 2210 2092 2092
332 334 2234 2234
2728 2730 568 568
3232 3229 1792 1792
3232 3231 1792 1792
2223 762 2092 2375
2223 2153 2092 2092
2223 2213 2092 2092
2223 3015 2092 2370
2223 549 2092 3199
2223 616 2092 3199
2223 2230 2092 2092
2223 2232 2092 2092
2223 2222 2092 2092
2223 2226 2092 2092
2185 2184 2092 2092
3028 3032 2370 2370
2958 2957 2370 2370
2958 2956 2370 2370
309 308 2995 2995
790 791 2375 2375
330 331 536 536
2335 2332 2892 2892
2335 2330 2892 2892
2335 2334 2892 2892
2335 2336 2892 2892
786 785 2375 2375
3155 3154 2370 2370
2452 2451 2914 2914
2452 2398 2914 2914
2452 2448 2914 2914
3191 3192 1479 1479
2379 2380 2892 2892
2379 2378 2892 2892
2379 2381 2892 2892
2190 2189 2092 2092
495 496 1626 1626
2714 2721 568 568
2714 2737 568 568
2714 2713 568 568
2714 2727 568 568
2714 2712 568 568
2714 2711 568 568
2219 2218 2092 2092
2219 2220 2092 2092
2074 2073 2092 2092
2337 2330 2892 2892
2337 2336 2892 2892
1223 1214 2965 2965
2897 2924 3218 3218
2897 2919 3218 3218
2897 2047 3218 2092
2897 2866 3218 3218
2897 2890 3218 3218
2897 2930 3218 3218
527 528 1626 1626
527 495 1626 1626
527 522 1626 1626
778 774 2375 2375
778 780 2375 2375
778 779 2375 2375
1776 1774 1354 1354
747 746 2409 2409
747 745 2409 2409
1161 1159 234 234
1161 1160 234 234
1833 1832 1358 1358
2329 2330 2892 2892
2329 2328 2892 2892
2329 2327 2892 2892
2237 2303 795 795
2727 2725 568 568
2727 2730 568 568
2727 2722 568 568
2727 2726 568 568
2727 2719 568 568
3223 3220 1369 1369
3223 3221 1369 1369
3223 3222 1369 1369
1956 1958 2926 2926
1956 1955 2926 2926
625 626 3199 3199
625 628 3199 3199
1739 1740 3183 3183
1739 1742 3183 3183
2697 2694 1377 1377
2697 2695 1377 1377
829 828 2375 2375
829 830 2375 2375
829 3064 2375 2370
829 833 2375 2375
829 823 2375 2375
829 834 2375 2375
829 3134 2375 2370
1974 1973 1379 1379
825 827 2375 2375
825 824 2375 2375
1759 1760 2230 2230
1099 1101 2450 2450
482 481 1626 1626
482 582 1626 3199
482 479 1626 1626
870 871 2700 2700
1272 1277 2965 2965
2116 2114 2092 2092
2116 2115 2092 2092
780 773 2375 2375
780 768 2375 2375
780 776 2375 2375
780 761 2375 2375
780 779 2375 2375
780 766 2375 2375
780 777 2375 2375
780 775 2375 2375
780 763 2375 2375
780 640 2375 3199
780 781 2375 2375
2509 2512 1854 1854
1305 1304 2965 2965
2757 2756 1400 1400
2757 2754 1400 1400
2757 2755 1400 1400
2128 2169 2092 2092
2128 2164 2092 2092
2128 2129 2092 2092
798 799 2375 2375
2687 2685 1403 1403
2687 2686 1403 1403
1361 1360 2965 2965
1361 1350 2965 2965
1361 1354 2965 2965
1361 1355 2965 2965
1361 1362 2965 2965
1361 1359 2965 2965
2236 2235 795 795
2236 2237 795 795
1706 21 3183 577
1706 1700 3183 3183
1548 1551 2024 2024
1548 1549 2024 2024
120 122 577 577
1088 1090 2564 2564
1088 1087 2564 2564
1009 1007 1188 1188
2616 2617 2549 2549
360 359 1420 1420
2872 2885 3218 3218
2872 2878 3218 3218
2872 2868 3218 3218
2872 2886 3218 3218
2419 2420 2914 2914
2081 2082 2092 2092
1146 1144 771 771
1146 1145 771 771
1747 1748 3183 3183
51 50 577 577
2413 2412 2914 2914
840 839 1433 1433
1068 1067 1435 1435
1965 1963 2926 2926
3119 3118 2370 2370
3117 3119 2370 2370
2624 2625 2549 2549
975 973 1188 1188
975 974 1188 1188
975 976 1188 1188
2807 2806 1444 1444
940 939 1188 1188
940 943 1188 1188
440 441 3219 3219
2594 2595 1966 1966
2594 2600 1966 1966
2561 2560 1450 1450
3221 3220 1369 1369
1214 1218 2965 2965
1214 1215 2965 2965
1682 1684 3183 3183
1019 1021 1188 1188
2008 2009 2164 2164
956 964 1188 1188
575 574 3199 3199
575 762 3199 2375
575 567 3199 3199
575 551 3199 3199
575 569 3199 3199
575 550 3199 3199
575 616 3199 3199
575 548 3199 3199
575 544 3199 3199
575 552 3199 3199
575 2225 3199 2092
538 542 3199 3199
1942 1940 2926 2926
1942 1945 2926 2926
2088 2091 2092 2092
471 466 1626 1626
471 469 1626 1626
471 477 1626 1626
1529 1528 2024 2024
1529 1535 2024 2024
2338 2322 2892 2892
2338 3078 2892 2370
2338 2324 2892 2892
2338 2335 2892 2892
2338 2337 2892 2892
2338 2329 2892 2892
2338 2346 2892 2892
2338 2256 2892 795
2338 2326 2892 2892
2338 2344 2892 2892
3026 3058 2370 2370
3026 2991 2370 2370
3026 2992 2370 2370
1313 1323 2965 2965
1313 1310 2965 2965
1313 1309 2965 2965
1313 1285 2965 2965
917 919 1188 1188
1637 1621 3243 3243
1603 1599 3243 3243
1603 1602 3243 3243
1603 1677 3243 3243
3005 3006 2370 2370
3005 2995 2370 2370
3005 3015 2370 2370
3005 2945 2370 2370
3005 3007 2370 2370
3005 3042 2370 2370
3005 3055 2370 2370
3005 3044 2370 2370
1761 1762 2616 2616
3226 3227 1722 1722
3226 3224 1722 1722
2746 2747 2764 2764
417 416 2597 2597
417 421 2597 2597
3023 3019 2370 2370
3023 3022 2370 2370
3023 3021 2370 2370
3023 3020 2370 2370
3023 3010 2370 2370
1094 1093 1494 1494
1094 1092 1494 1494
1094 1091 1494 1494
2346 2345 2892 2892
2346 2358 2892 2892
2346 2350 2892 2892
2346 2330 2892 2892
2346 2349 2892 2892
2346 2372 2892 2892
559 558 3199 3199
559 557 3199 3199
559 555 3199 3199
2750 2749 1499 1499
2924 2922 3218 3218
2924 2923 3218 3218
2945 2950 2370 2370
2945 2954 2370 2370
1941 1942 2926 2926
1234 1233 2965 2965
1234 1232 2965 2965
2939 2940 2370 2370
1269 1268 2965 2965
1269 1267 2965 2965
1269 1270 2965 2965
3138 3139 2370 2370
2256 2285 795 795
2256 2245 795 795
2256 2157 795 2092
2256 2330 795 2892
2256 2163 795 2092
2256 2255 795 795
2256 2306 795 795
2256 575 795 3199
2256 2254 795 795
2256 2301 795 795
2256 547 795 3199
2256 2205 795 2092
2256 2286 795 795
2256 640 795 3199
2256 2210 795 2092
2256 2284 795 795
2256 2283 795 795
2256 651 795 3199
415 414 2597 2597
1976 1975 1516 1516
545 547 3199 3199
570 574 3199 3199
570 567 3199 3199
570 544 3199 3199
570 552 3199 3199
570 2283 3199 795
919 918 1188 1188
919 916 1188 1188
1621 1634 3243 3243
1621 1620 3243 3243
1621 1619 3243 3243
1111 1110 1525 1525
1503 1504 1138 1138
3107 3110 2370 2370
2060 2112 2092 2092
2060 2059 2092 2092
2060 2051 2092 2092
2060 609 2092 3199
1335 1334 2965 2965
320 319 1533 1533
793 792 2375 2375
1248 1247 2965 2965
1940 1939 2926 2926
1940 1945 2926 2926
930 932 1188 1188
1355 1363 2965 2965
1844 1845 867 867
2701 2699 1540 1540
2701 2698 1540 1540
2838 2837 1541 1541
2441 2440 2914 2914
2441 2439 2914 2914
1839 1840 3061 3061
348 347 1545 1545
348 339 1545 1545
348 346 1545 1545
2909 2910 3218 3218
2909 2908 3218 3218
2909 2915 3218 3218
2626 1966 2549 2926
1288 1289 2965 2965
2342 2341 2892 2892
2342 2340 2892 2892
2928 2927 3218 3218
2928 2892 3218 3218
2928 2925 3218 3218
2928 2919 3218 3218
2928 2901 3218 3218
2928 2866 3218 3218
2928 2203 3218 2092
2928 2930 3218 3218
92 93 577 577
92 95 577 577
92 98 577 577
92 94 577 577
1635 1636 3243 3243
2814 2815 2558 2558
3251 3252 2839 2839
1657 1658 3243 3243
1657 1656 3243 3243
1657 1670 3243 3243
279 278 1560 1560
247 248 960 960
2077 2075 2092 2092
2077 2259 2092 795
1291 1284 2965 2965
1291 1289 2965 2965
1291 1283 2965 2965
1291 1338 2965 2965
1477 1478 1138 1138
2646 2645 2549 2549
405 404 1569 1569
405 398 1569 1569
405 403 1569 1569
234 237 474 474
1389 1390 241 241
1606 1603 3243 3243
3123 3122 2370 2370
301 300 1576 1576
301 299 1576 1576
1181 1180 2965 2965
1559 1558 2024 2024
189 188 1585 1585
2729 2730 568 568
1650 1667 3243 3243
1768 1770 666 666
220 218 1590 1590
1625 1629 3243 3243
1625 1626 3243 3243
1032 1030 1188 1188
1787 1788 483 483
2308 2307 795 795
1995 1994 1595 1595
134 133 577 577
1134 1135 2171 2171
1632 1633 3243 3243
1484 1486 1138 1138
776 775 2375 2375
1353 1352 2965 2965
580 577 3199 3199
580 576 3199 3199
580 579 3199 3199
580 1337 3199 2965
601 600 3199 3199
18 21 577 577
18 68 577 577
18 17 577 577
355 356 2998 2998
2919 2927 3218 3218
2919 2918 3218 3218
2919 2924 3218 3218
2919 2925 3218 3218
2919 2921 3218 3218
1978 1977 1615 1615
2563 2562 1617 1617
2668 2667 1618 1618
1473 1472 1138 1138
1473 1470 1138 1138
816 810 2375 2375
816 814 2375 2375
816 1427 2375 241
816 815 2375 2375
1282 1283 2965 2965
534 533 1626 1626
534 532 1626 1626
534 525 1626 1626
534 531 1626 1626
534 104 1626 577
3214 3216 2200 2200
1910 1911 3110 3110
1228 1227 2965 2965
1228 1226 2965 2965
1228 1233 2965 2965
823 828 2375 2375
823 827 2375 2375
823 616 2375 3199
823 825 2375 2375
823 2991 2375 2370
823 834 2375 2375
823 2160 2375 2092
2398 2397 2914 2914
3260 3263 2771 2771
486 485 1626 1626
486 2912 1626 3218
486 96 1626 577
486 484 1626 1626
486 478 1626 1626
2242 549 795 3199
107 106 577 577
2002 2001 3215 3215
2320 2319 2892 2892
7 8 1020 1020
932 935 1188 1188
160 161 577 577
119 118 577 577
119 122 577 577
119 120 577 577
119 1435 577 241
119 2423 577 2914
393 391 1653 1653
393 392 1653 1653
390 393 1653 1653
454 458 155 155
454 453 155 155
454 456 155 155
723 724 2929 2929
515 520 1626 1626
2842 2840 1659 1659
2046 2045 1660 1660
2046 2043 1660 1660
544 543 3199 3199
544 537 3199 3199
265 267 3187 3187
442 443 2257 2257
442 444 2257 2257
2878 2888 3218 3218
2878 2880 3218 3218
2878 2877 3218 3218
2878 2875 3218 3218
2878 2876 3218 3218
2878 2874 3218 3218
2878 2890 3218 3218
2134 2136 2092 2092
2432 2401 2914 2914
2432 1557 2914 2024
2432 2431 2914 2914
2277 2283 795 795
1943 1945 2926 2926
1679 1680 3183 3183
2503 2504 1854 1854
2503 2502 1854 1854
2503 2506 1854 1854
2503 2507 1854 1854
2503 2515 1854 1854
2503 2501 1854 1854
2503 2498 1854 1854
1277 1276 2965 2965
1277 1274 2965 2965
1277 1275 2965 2965
1277 1273 2965 2965
1277 1271 2965 2965
899 900 1188 1188
743 742 1685 1685
743 741 1685 1685
743 740 1685 1685
1563 1564 2024 2024
1611 1618 3243 3243
109 108 577 577
1740 1738 3183 3183
1740 1741 3183 3183
33 36 577 577
33 35 577 577
33 34 577 577
2194 2193 2092 2092
2194 2192 2092 2092
1494 1495 1138 1138
179 180 2837 2837
242 239 2631 2631
242 240 2631 2631
242 241 2631 2631
242 244 2631 2631
2717 2715 568 568
2717 2716 568 568
629 631 3199 3199
856 855 1702 1702
2712 2732 568 568
2712 2713 568 568
2712 1439 568 241
2712 2727 568 568
2712 2711 568 568
1730 99 3183 577
1730 1725 3183 3183
1730 1727 3183 3183
1730 1708 3183 3183
1730 1719 3183 3183
1730 1726 3183 3183
710 709 1707 1707
2365 2364 2892 2892
1412 1408 241 241
1412 548 241 3199
1412 2047 241 2092
1412 617 241 3199
117 114 577 577
117 122 577 577
117 120 577 577
2821 2822 1893 1893
2186 2192 2092 2092
2186 2185 2092 2092
2186 2190 2092 2092
522 521 1626 1626
2309 2310 795 795
1001 1002 1188 1188
256 255 1720 1720
1496 1497 1138 1138
2474 2473 2914 2914
2474 2472 2914 2914
1200 1199 2965 2965
1200 1297 2965 2965
1200 1196 2965 2965
1200 1224 2965 2965
1200 1198 2965 2965
1200 1184 2965 2965
1200 1197 2965 2965
1200 1205 2965 2965
67 68 577 577
67 56 577 577
2097 2098 2092 2092
1230 1229 2965 2965
1230 1234 2965 2965
2198 2199 2092 2092
2487 2486 1854 1854
2487 2497 1854 1854
2623 2622 2549 2549
1290 1291 2965 2965
1290 1279 2965 2965
2489 2487 1854 1854
2489 2527 1854 1854
2489 2488 1854 1854
595 596 3199 3199
1474 1475 1138 1138
553 554 3199 3199
2475 2462 2914 2914
2475 1746 2914 3183
2475 2472 2914 2914
2475 2482 2914 2914
2475 1750 2914 3183
2475 1703 2914 3183
329 331 536 536
329 330 536 536
412 410 1748 1748
412 411 1748 1748
621 622 3199 3199
2900 2893 3218 3218
2900 2904 3218 3218
2900 2899 3218 3218
2900 2918 3218 3218
2900 2897 3218 3218
2900 3167 3218 2370
2900 2903 3218 3218
513 512 1626 1626
513 500 1626 1626
513 514 1626 1626
2639 2638 2549 2549
2639 2637 2549 2549
161 159 577 577
161 154 577 577
1593 2258 420 795
1593 1588 420 420
1593 1591 420 420
1029 1028 1188 1188
1410 1409 241 241
698 697 74 74
698 696 74 74
1754 1753 1767 1767
2515 2514 1854 1854
2515 2496 1854 1854
2515 2500 1854 1854
2515 2502 1854 1854
2515 2513 1854 1854
2515 2506 1854 1854
2515 2509 1854 1854
2515 2527 1854 1854
2515 2483 1854 1854
2515 2508 1854 1854
2515 2501 1854 1854
2515 2499 1854 1854
2515 2512 1854 1854
2515 2497 1854 1854
2515 2498 1854 1854
1249 1342 2965 2965
1249 1254 2965 2965
1249 1318 2965 2965
1249 1250 2965 2965
3058 3057 2370 2370
3058 2918 2370 3218
2601 2648 2549 2549
2601 2605 2549 2549
2601 2604 2549 2549
2601 2635 2549 2549
1662 1657 3243 3243
1662 1661 3243 3243
2593 2592 1966 1966
2565 2564 1783 1783
1919 1918 3110 3110
1600 1598 3243 3243
1600 1597 3243 3243
2 3 2725 2725
858 857 1791 1791
3235 3228 1792 1792
3235 3233 1792 1792
3235 3230 1792 1792
2812 2813 2502 2502
539 542 3199 3199
539 538 3199 3199
539 544 3199 3199
2202 2201 2092 2092
960 957 1188 1188
2901 2919 3218 3218
2901 2906 3218 3218
2901 2954 3218 2370
945 946 1188 1188
945 923 1188 1188
1708 1709 3183 3183
556 559 3199 3199
979 981 1188 1188
979 970 1188 1188
979 983 1188 1188
979 978 1188 1188
350 349 2998 2998
191 190 1811 1811
2982 2983 2370 2370
1513 1494 1138 1138
1513 1507 1138 1138
223 222 2041 2041
223 224 2041 2041
1218 1217 2965 2965
1131 1133 2171 2171
1566 1564 2024 2024
1566 1565 2024 2024
822 810 2375 2375
822 814 2375 2375
822 816 2375 2375
822 821 2375 2375
246 250 960 960
246 247 960 960
246 245 960 960
821 164 2375 577
821 26 2375 577
821 157 2375 577
821 818 2375 2375
1717 1716 3183 3183
1717 1724 3183 3183
931 932 1188 1188
883 886 162 162
407 406 1831 1831
2326 2330 2892 2892
2326 2325 2892 2892
3086 3015 2370 2370
657 656 1835 1835
1651 1671 3243 3243
1651 1644 3243 3243
1651 1650 3243 3243
1651 1643 3243 3243
1651 1675 3243 3243
2764 2765 2705 2705
2916 2917 3218 3218
2916 2914 3218 3218
307 309 2995 2995
1307 1308 2965 2965
913 915 1188 1188
1141 1142 2707 2707
1141 1143 2707 2707
1141 1139 2707 2707
311 312 2995 2995
2971 2972 2370 2370
1821 1822 2247 2247
2527 2526 1854 1854
2527 2514 1854 1854
2527 2524 1854 1854
2527 2500 1854 1854
2527 2525 1854 1854
2527 2513 1854 1854
2527 2521 1854 1854
2527 2509 1854 1854
2527 2523 1854 1854
2527 2522 1854 1854
2527 2508 1854 1854
3171 3170 1855 1855
16 15 577 577
1541 1540 2024 2024
1541 1546 2024 2024
552 551 3199 3199
552 550 3199 3199
552 537 3199 3199
1216 1219 2965 2965
1216 1215 2965 2965
769 1412 2375 241
1379 1376 241 241
1379 1374 241 241
3200 3201 1466 1466
990 989 1188 1188
2467 2466 2914 2914
2467 2472 2914 2914
1547 1540 2024 2024
1547 1546 2024 2024
1547 1539 2024 2024
1962 1961 2926 2926
1962 1927 2926 2926
1962 1959 2926 2926
1642 1640 3243 3243
1294 1292 2965 2965
1294 1293 2965 2965
3247 3248 2752 2752
1519 1520 2024 2024
1519 1518 2024 2024
688 695 2406 2406
2139 2141 2092 2092
2856 2865 928 928
1271 1216 2965 2965
362 361 1890 1890
1951 1938 2926 2926
1951 1949 2926 2926
1951 1950 2926 2926
2822 2820 1893 1893
681 683 640 640
1852 1853 1775 1775
666 667 3101 3101
21 16 577 577
21 17 577 577
21 510 577 1626
3194 3193 1900 1900
1478 1479 1138 1138
1478 1476 1138 1138
766 795 2375 2375
766 2983 2375 2370
766 784 2375 2375
766 782 2375 2375
766 791 2375 2375
3016 3025 2370 2370
3016 3023 2370 2370
3016 2990 2370 2370
1247 1246 2965 2965
1016 895 1188 1188
1016 1015 1188 1188
885 886 162 162
1209 1216 2965 2965
1209 1211 2965 2965
66 79 577 577
66 18 577 577
66 67 577 577
66 70 577 577
66 48 577 577
66 12 577 577
3007 3045 2370 2370
3007 3047 2370 2370
832 831 2375 2375
2050 2224 2092 2092
2050 2048 2092 2092
2050 2049 2092 2092
2050 548 2092 3199
2050 2047 2092 2092
2050 1412 2092 241
2050 2372 2092 2892
0 1 2284 2284
1153 1154 2227 2227
401 400 1569 1569
1327 1325 2965 2965
1327 1323 2965 2965
1327 1320 2965 2965
1327 1359 2965 2965
1327 1319 2965 2965
1327 1324 2965 2965
1937 1936 2926 2926
2384 2383 2892 2892
3042 3045 2370 2370
3042 3047 2370 2370
1256 1264 2965 2965
1256 1260 2965 2965
554 559 3199 3199
554 2199 3199 2092
1735 1736 3183 3183
1735 1734 3183 3183
3116 3111 2370 2370
3116 3115 2370 2370
1133 1130 2171 2171
1133 1132 2171 2171
2795 2796 2960 2960
1047 1011 1188 1188
1047 1046 1188 1188
1047 1045 1188 1188
1047 987 1188 1188
1587 1584 420 420
1587 1586 420 420
1587 1585 420 420
2999 2998 2370 2370
2020 2018 1250 1250
2479 2480 2914 2914
2975 2976 2370 2370
901 902 1188 1188
523 528 1626 1626
523 495 1626 1626
523 522 1626 1626
1362 1363 2965 2965
2867 2868 3218 3218
1945 1944 2926 2926
195 194 1959 1959
174 173 1960 1960
2962 2964 2370 2370
2962 2961 2370 2370
2962 3167 2370 2370
2962 2990 2370 2370
84 83 577 577
84 1733 577 3183
84 1698 577 3183
84 86 577 577
2156 2154 2092 2092
2156 2102 2092 2092
2156 2155 2092 2092
3146 3147 2370 2370
3146 3148 2370 2370
2600 2597 1966 1966
2600 2598 1966 1966
2600 2599 1966 1966
2600 2593 1966 1966
2289 2290 795 795
1219 1217 2965 2965
1648 1618 3243 3243
70 69 577 577
70 79 577 577
70 1603 577 3243
70 2634 577 2549
70 68 577 577
529 530 1626 1626
2275 2274 795 795
3217 3218 3046 3046
3217 3219 3046 3046
844 843 1978 1978
193 192 1979 1979
1359 1363 2965 2965
1359 1349 2965 2965
1359 1224 2965 2965
1359 1341 2965 2965
1359 1357 2965 2965
1359 1358 2965 2965
1359 1205 2965 2965
2770 2769 1982 1982
1326 1366 2965 2965
1326 1327 2965 2965
3178 3180 607 607
2844 2845 1210 1210
1391 1386 241 241
3239 3238 1993 1993
2405 2404 2914 2914
2405 2403 2914 2914
2405 1401 2914 241
2405 2410 2914 2914
2405 2408 2914 2914
1928 1926 2926 2926
1928 1927 2926 2926
1928 1962 2926 2926
1928 1959 2926 2926
693 695 2406 2406
2215 2214 2092 2092
2517 2527 1854 1854
984 955 1188 1188
984 980 1188 1188
2849 2857 928 928
2849 2848 928 928
2849 2852 928 928
1609 1610 3243 3243
1609 1608 3243 3243
3258 3259 84 84
784 786 2375 2375
487 488 1626 1626
3225 3226 1722 1722
3225 3227 1722 1722
3225 3224 1722 1722
1382 1381 241 241
1818 1817 2010 2010
1560 1568 2024 2024
1560 1558 2024 2024
1560 1559 2024 2024
1982 1981 2012 2012
2780 2779 440 440
2483 2512 1854 1854
2917 2918 3218 3218
2328 2327 2892 2892
2567 2566 2018 2018
927 922 1188 1188
927 925 1188 1188
927 926 1188 1188
927 920 1188 1188
1835 1836 2955 2955
1618 1617 3243 3243
1618 1624 3243 3243
1618 1616 3243 3243
3139 3140 2370 2370
3139 3136 2370 2370
3139 3145 2370 2370
3139 802 2370 2375
3139 3143 2370 2370
3139 3135 2370 2370
3139 2966 2370 2370
2148 2157 2092 2092
2148 2112 2092 2092
2148 2130 2092 2092
2148 2147 2092 2092
2148 2153 2092 2092
2148 2163 2092 2092
2148 2146 2092 2092
2148 3015 2092 2370
2148 2102 2092 2092
2148 2050 2092 2092
2148 584 2092 3199
2148 2144 2092 2092
1573 1561 2024 2024
1573 1572 2024 2024
1573 1570 2024 2024
1573 1571 2024 2024
183 184 3184 3184
499 512 1626 1626
499 500 1626 1626
2025 2024 1250 1250
2025 2021 1250 1250
2117 2118 2092 2092
2905 2918 3218 3218
2711 2727 568 568
2303 2300 795 795
2303 2302 795 795
1316 1317 2965 2965
2553 2552 2038 2038
2553 2551 2038 2038
1322 1325 2965 2965
1322 1323 2965 2965
1322 1320 2965 2965
224 221 2041 2041
2344 2330 2892 2892
2344 2342 2892 2892
2344 2343 2892 2892
155 157 577 577
2802 2800 2050 2050
2414 2415 2914 2914
2414 2413 2914 2914
2414 2412 2914 2914
2906 2905 3218 3218
3051 3050 2370 2370
1289 1286 2965 2965
1289 1284 2965 2965
1289 1280 2965 2965
425 424 2056 2056
2768 2770 1982 1982
2291 2277 795 795
2291 2289 795 795
2291 2292 795 795
2291 2283 795 795
1557 1552 2024 2024
1557 1545 2024 2024
1557 1556 2024 2024
1557 1554 2024 2024
1557 1562 2024 2024
1557 1555 2024 2024
2110 2109 2092 2092
1779 1777 2067 2067
1578 1576 420 420
2366 2370 2892 2892
1115 1114 2078 2078
509 510 1626 1626
1711 1710 3183 3183
2094 2068 2092 2092
2094 2090 2092 2092
2094 2088 2092 2092
2094 2093 2092 2092
2094 2092 2092 2092
3032 3031 2370 2370
130 129 577 577
3212 3213 3231 3231
3206 3207 2449 2449
47 46 577 577
47 49 577 577
563 575 3199 3199
563 570 3199 3199
563 554 3199 3199
563 560 3199 3199
563 562 3199 3199
2232 2230 2092 2092
2232 2226 2092 2092
2164 2157 2092 2092
2164 2165 2092 2092
2164 2166 2092 2092
2991 3136 2370 2370
2991 2964 2370 2370
2991 2984 2370 2370
2991 3167 2370 2370
2991 2992 2370 2370
2991 540 2370 3199
2051 2225 2092 2092
2793 2794 2335 2335
754 753 3160 3160
754 758 3160 3160
754 752 3160 3160
925 924 1188 1188
2222 2221 2092 2092
2222 2216 2092 2092
1551 1537 2024 2024
1551 1680 2024 3183
1551 1545 2024 2024
2333 2332 2892 2892
2874 2873 3218 3218
3185 3186 749 749
321 322 2144 2144
2372 2142 2892 2092
2372 2385 2892 2892
2372 2370 2892 2892
2372 2379 2892 2892
2372 2377 2892 2892
634 638 3199 3199
634 629 3199 3199
634 633 3199 3199
634 628 3199 3199
888 890 162 162
635 636 3199 3199
2447 2446 2914 2914
994 997 1188 1188
994 1003 1188 1188
994 1047 1188 1188
994 953 1188 1188
2392 2388 2914 2914
2392 2394 2914 2914
2392 2473 2914 2914
2392 2391 2914 2914
2392 2390 2914 2914
874 878 1114 1114
874 877 1114 1114
874 873 1114 1114
874 881 1114 1114
874 879 1114 1114
2866 2919 3218 3218
3143 3136 2370 2370
3143 3141 2370 2370
3143 3142 2370 2370
3143 3026 2370 2370
3143 3049 2370 2370
969 970 1188 1188
969 967 1188 1188
969 968 1188 1188
136 135 577 577
2438 2437 2914 2914
1472 1471 1138 1138
1472 554 1138 3199
1670 1669 3243 3243
1670 1668 3243 3243
1924 2069 2926 2092
1924 1923 2926 2926
2138 2130 2092 2092
2138 2137 2092 2092
2138 2141 2092 2092
1492 1493 1138 1138
1492 1491 1138 1138
1501 1497 1138 1138
1501 1500 1138 1138
1501 1235 1138 2965
1501 1498 1138 1138
1501 1499 1138 1138
2591 2587 2155 2155
2591 2589 2155 2155
2591 2588 2155 2155
1042 1038 1188 1188
1042 1044 1188 1188
1042 1017 1188 1188
1042 926 1188 1188
1042 1039 1188 1188
1700 1714 3183 3183
1700 1688 3183 3183
1700 1699 3183 3183
1700 1551 3183 2024
1700 1678 3183 3183
1700 1696 3183 3183
445 446 1119 1119
2508 2512 1854 1854
2017 2007 2164 2164
1144 1149 771 771
1388 1387 241 241
1481 1492 1138 1138
2288 2287 795 795
2288 2291 795 795
1666 1667 3243 3243
1135 1133 2171 2171
3073 3069 2370 2370
3073 3074 2370 2370
3052 3054 2370 2370
3052 3051 2370 2370
3052 2990 2370 2370
632 618 3199 3199
632 2112 3199 2092
632 634 3199 3199
632 3156 3199 2370
1337 1336 2965 2965
2382 2375 2892 2892
2382 2383 2892 2892
2382 2378 2892 2892
2382 2384 2892 2892
1266 1263 2965 2965
1266 1265 2965 2965
2695 2694 1377 1377
1140 1141 2707 2707
1689 1690 3183 3183
777 776 2375 2375
777 775 2375 2375
197 196 2192 2192
2199 2201 2092 2092
2199 2197 2092 2092
2199 2202 2092 2092
526 528 1626 1626
526 495 1626 1626
526 527 1626 1626
526 522 1626 1626
526 523 1626 1626
3173 3172 2196 2196
2705 2702 2197 2197
2426 2427 2914 2914
3216 3215 2200 2200
2852 2865 928 928
2852 2850 928 928
2852 2854 928 928
1043 1039 1188 1188
1984 1983 2203 2203
1534 1529 2024 2024
1534 1535 2024 2024
2501 2500 1854 1854
2501 2527 1854 1854
2501 2499 1854 1854
2501 2498 1854 1854
1339 1340 2965 2965
1339 1341 2965 2965
623 624 3199 3199
623 621 3199 3199
623 620 3199 3199
2357 2352 2892 2892
2357 2354 2892 2892
2825 2826 1628 1628
3241 3240 2216 2216
1866 1867 143 143
716 715 2218 2218
537 2992 3199 2370
675 677 1200 1200
2650 2649 2549 2549
3076 3075 2370 2370
2457 2456 2914 2914
1820 1819 2225 2225
1154 1152 2227 2227
1154 1151 2227 2227
1786 1784 2228 2228
1786 1783 2228 2228
1172 1173 2533 2533
1172 1170 2533 2533
1172 1171 2533 2533
1033 1032 1188 1188
1033 1029 1188 1188
334 333 2234 2234
2067 2065 2092 2092
2067 2066 2092 2092
1102 1103 527 527
91 2632 577 2549
2266 2265 795 795
2266 2260 795 795
2266 2261 795 795
782 543 2375 3199
782 790 2375 2375
782 794 2375 2375
782 789 2375 2375
782 781 2375 2375
3114 3116 2370 2370
564 565 3199 3199
2411 2410 2914 2914
2411 86 2914 577
755 758 3160 3160
755 754 3160 3160
755 751 3160 3160
755 757 3160 3160
755 760 3160 3160
2745 2744 2253 2253
2377 2375 2892 2892
2377 3004 2892 2370
2377 2380 2892 2892
2377 2385 2892 2892
2377 2378 2892 2892
2377 2381 2892 2892
2377 2382 2892 2892
2377 2376 2892 2892
2811 2810 2256 2256
1341 1336 2965 2965
1341 1337 2965 2965
1341 1338 2965 2965
1341 1328 2965 2965
125 124 577 577
125 123 577 577
3056 3055 2370 2370
1283 1281 2965 2965
1283 1280 2965 2965
811 814 2375 2375
1002 1000 1188 1188
1464 1463 1138 1138
1464 1467 1138 1138
2778 2777 2272 2272
2778 2775 2272 2272
2472 2468 2914 2914
2472 2471 2914 2914
938 937 1188 1188
2609 2613 2549 2549
2609 2628 2549 2549
2609 2621 2549 2549
2609 2608 2549 2549
2922 2923 3218 3218
2540 2541 2458 2458
2772 2774 314 314
584 576 3199 3199
584 581 3199 3199
734 732 2287 2287
734 733 2287 2287
1905 1903 3110 3110
1905 1904 3110 3110
2416 2415 2914 2914
2136 2130 2092 2092
2136 2131 2092 2092
2136 2133 2092 2092
2136 2138 2092 2092
2136 2135 2092 2092
3082 3085 2370 2370
2641 2643 2549 2549
1470 1468 1138 1138
1470 1469 1138 1138
1470 1474 1138 1138
2914 2915 3218 3218
1417 1418 241 241
1417 1415 241 241
659 658 2302 2302
1673 1674 3243 3243
366 365 2304 2304
2536 2537 2104 2104
3218 3219 3046 3046
2442 2441 2914 2914
2442 2426 2914 2914
212 214 403 403
3197 3196 2311 2311
3197 3195 2311 2311
48 49 577 577
48 68 577 577
525 528 1626 1626
525 2910 1626 3218
525 485 1626 1626
525 524 1626 1626
525 527 1626 1626
525 523 1626 1626
525 487 1626 1626
525 526 1626 1626
525 497 1626 1626
1174 1173 2533 2533
2828 2827 2317 2317
1184 1185 2965 2965
1364 1289 2965 2965
2941 2943 2370 2370
2941 3167 2370 2370
306 308 2995 2995
306 307 2995 2995
678 679 640 640
1158 1156 234 234
1158 1157 234 234
2830 2829 2334 2334
3224 3227 1722 1722
3093 3094 2370 2370
3093 3092 2370 2370
2455 2454 2914 2914
2455 2453 2914 2914
596 593 3199 3199
596 594 3199 3199
596 598 3199 3199
2751 2753 2874 2874
1715 1717 3183 3183
1157 1166 234 234
1157 1159 234 234
799 802 2375 2375
2264 2266 795 795
1604 1606 3243 3243
2491 2486 1854 1854
2491 2487 1854 1854
2491 2489 1854 1854
2491 2497 1854 1854
2491 2492 1854 1854
993 994 1188 1188
1344 1349 2965 2965
1344 1343 2965 2965
1580 1584 420 420
511 509 1626 1626
511 507 1626 1626
511 508 1626 1626
385 383 2360 2360
385 384 2360 2360
980 981 1188 1188
980 964 1188 1188
980 962 1188 1188
980 956 1188 1188
429 428 2363 2363
451 450 1119 1119
451 449 1119 1119
451 452 1119 1119
1502 1505 1138 1138
1502 1501 1138 1138
497 495 1626 1626
497 522 1626 1626
153 154 577 577
3167 3161 2370 2370
3167 3166 2370 2370
3167 2976 2370 2370
3167 3004 2370 2370
3167 3163 2370 2370
3167 2892 2370 3218
3167 2984 2370 2370
3167 783 2370 2375
3167 2901 2370 3218
3167 3165 2370 2370
3167 2866 2370 3218
3167 2203 2370 2092
3167 3164 2370 2370
3167 2386 2370 2892
3167 3159 2370 2370
3167 3162 2370 2370
3167 3008 2370 2370
3167 3160 2370 2370
3167 2930 2370 3218
3153 3152 2370 2370
1319 1320 2965 2965
1319 1329 2965 2965
335 336 2576 2576
834 828 2375 2375
834 3068 2375 2370
834 3064 2375 2370
834 833 2375 2375
834 3134 2375 2370
834 794 2375 2375
89 88 577 577
89 85 577 577
718 717 2378 2378
860 859 2380 2380
1072 1071 2381 2381
701 704 74 74
271 269 2384 2384
271 268 2384 2384
271 270 2384 2384
1920 1922 3110 3110
1920 651 3110 3199
1020 1538 1188 2024
1020 1019 1188 1188
1986 1985 2388 2388
1507 1494 1138 1138
1507 1506 1138 1138
2126 2112 2092 2092
2126 2153 2092 2092
2126 1222 2092 2965
2126 1412 2092 241
2126 2148 2092 2092
2126 2118 2092 2092
2126 2117 2092 2092
2126 2124 2092 2092
2126 2122 2092 2092
2126 2151 2092 2092
2126 2127 2092 2092
992 1003 1188 1188
992 955 1188 1188
992 988 1188 1188
992 991 1188 1188
992 990 1188 1188
2072 2076 2092 2092
2072 2075 2092 2092
1026 1039 1188 1188
1026 1023 1188 1188
1026 1037 1188 1188
1026 1025 1188 1188
1026 1021 1188 1188
1542 1547 2024 2024
1506 1495 1138 1138
1333 1225 2965 2965
1333 1332 2965 2965
3097 3023 2370 2370
3097 3096 2370 2370
2670 2669 2408 2408
749 744 2409 2409
749 747 2409 2409
1518 1517 2024 2024
1462 1480 1138 1138
1462 1460 1138 1138
1462 1458 1138 1138
1462 1461 1138 1138
1462 1451 1138 1138
1462 1452 1138 1138
983 980 1188 1188
337 338 2576 2576
1007 1005 1188 1188
1007 1006 1188 1188
1007 1004 1188 1188
2034 2031 1660 1660
2034 2043 1660 1660
2619 2618 2549 2549
2216 2154 2092 2092
2216 2213 2092 2092
2216 569 2092 3199
2216 2215 2092 2092
612 3140 3199 2370
612 618 3199 3199
612 610 3199 3199
612 640 3199 3199
2297 2296 795 795
1427 1688 241 3183
1427 1426 241 241
1427 1431 241 241
1074 1073 2431 2431
1055 1056 1188 1188
12 156 577 577
12 32 577 577
12 9 577 577
12 40 577 577
12 68 577 577
12 10 577 577
3228 3232 1792 1792
3228 3230 1792 1792
862 861 2438 2438
1954 1953 2926 2926
480 482 1626 1626
480 92 1626 577
531 533 1626 1626
531 532 1626 1626
531 529 1626 1626
531 104 1626 577
1742 1740 3183 3183
1742 1741 3183 3183
1101 1100 2450 2450
1101 1098 2450 2450
1101 1097 2450 2450
2690 2688 2452 2452
1610 1607 3243 3243
1610 1603 3243 3243
1610 1606 3243 3243
1610 1604 3243 3243
3208 3209 2637 2637
2495 2496 1854 1854
2495 2527 1854 1854
2495 2497 1854 1854
2495 2493 1854 1854
2321 2320 2892 2892
590 592 3199 3199
590 589 3199 3199
3134 3129 2370 2370
3134 3101 2370 2370
3134 2224 2370 2092
3134 3137 2370 2370
3134 3161 2370 2370
3134 3099 2370 2370
3134 3166 2370 2370
3134 2976 2370 2370
3134 3095 2370 2370
3134 2952 2370 2370
3134 3113 2370 2370
3134 2981 2370 2370
3134 3109 2370 2370
3134 3145 2370 2370
3134 613 2370 3199
3134 3057 2370 2370
3134 3090 2370 2370
3134 3040 2370 2370
3134 2995 2370 2370
3134 3015 2370 2370
3134 3133 2370 2370
3134 3054 2370 2370
3134 3041 2370 2370
3134 3029 2370 2370
3134 3127 2370 2370
3134 3141 2370 2370
3134 3094 2370 2370
3134 3122 2370 2370
3134 3047 2370 2370
3134 3125 2370 2370
3134 3163 2370 2370
3134 2964 2370 2370
3134 3151 2370 2370
3134 2973 2370 2370
3134 3063 2370 2370
3134 3066 2370 2370
3134 3083 2370 2370
3134 2984 2370 2370
3134 3013 2370 2370
3134 3104 2370 2370
3134 3119 2370 2370
3134 3121 2370 2370
3134 3023 2370 2370
3134 2928 2370 3218
3134 3123 2370 2370
3134 2972 2370 2370
3134 3132 2370 2370
3134 2900 2370 3218
3134 3048 2370 2370
3134 3058 2370 2370
3134 3098 2370 2370
3134 3086 2370 2370
3134 3165 2370 2370
3134 3016 2370 2370
3134 3007 2370 2370
3134 3042 2370 2370
3134 3108 2370 2370
3134 2962 2370 2370
3134 2906 2370 3218
3134 2866 2370 3218
3134 3143 2370 2370
3134 803 2370 2375
3134 3131 2370 2370
3134 3056 2370 2370
3134 3082 2370 2370
3134 3093 2370 2370
3134 1333 2370 2965
3134 3097 2370 2370
3134 612 2370 3199
3134 2268 2370 795
3134 3130 2370 2370
3134 2203 2370 2092
3134 3081 2370 2370
3134 3135 2370 2370
3134 2966 2370 2370
3134 609 2370 3199
3134 2101 2370 2092
3134 2055 2370 2092
3134 2970 2370 2370
3134 2954 2370 2370
3134 3089 2370 2370
3134 2955 2370 2370
3134 3002 2370 2370
3134 3046 2370 2370
3134 3164 2370 2370
3134 3159 2370 2370
3134 2371 2370 2892
3134 3103 2370 2370
3134 3087 2370 2370
3134 3088 2370 2370
3134 3067 2370 2370
3134 3010 2370 2370
3134 2990 2370 2370
3134 3160 2370 2370
3134 3044 2370 2370
3134 2930 2370 3218
1119 1118 2465 2465
1373 1374 241 241
37 32 577 577
37 44 577 577
37 38 577 577
1824 1823 2473 2473
2992 2056 2370 2092
1959 1958 2926 2926
1365 3101 2965 2370
1365 1364 2965 2965
98 95 577 577
98 96 577 577
98 97 577 577
98 82 577 577
426 427 2376 2376
2763 2762 2479 2479
2417 2401 2914 2914
2417 2416 2914 2914
34 41 577 577
2707 2708 3084 3084
2707 2710 3084 3084
1855 1854 2489 2489
679 683 640 640
1539 1540 2024 2024
1539 1541 2024 2024
87 89 577 577
1324 1320 2965 2965
2761 2760 2499 2499
1579 1596 420 420
1579 1577 420 420
1579 2872 420 3218
1579 1587 420 420
1579 1578 420 420
2477 2478 2914 2914
949 947 1188 1188
949 951 1188 1188
73 76 577 577
296 298 1165 1165
2512 2511 1854 1854
2512 2510 1854 1854
606 605 3199 3199
1707 1709 3183 3183
1782 1781 2520 2520
1782 1780 2520 2520
2903 2901 3218 3218
2903 2906 3218 3218
2903 2866 3218 3218
2903 2930 3218 3218
1077 1078 2859 2859
1396 1395 241 241
1112 1113 1662 1662
2889 2890 3218 3218
1467 1465 1138 1138
1175 1173 2533 2533
1175 1171 2533 2533
1175 1174 2533 2533
2934 2936 2370 2370
2934 2933 2370 2370
2603 2636 2549 2549
2603 2605 2549 2549
2603 2604 2549 2549
2603 2601 2549 2549
2603 2602 2549 2549
1357 1356 2965 2965
1882 1881 2541 2541
1721 1720 3183 3183
1721 1719 3183 3183
1721 1722 3183 3183
2643 2642 2549 2549
879 880 1114 1114
43 44 577 577
2658 2656 2549 2549
2658 2648 2549 2549
2658 2629 2549 2549
2658 2654 2549 2549
2658 2636 2549 2549
2658 2605 2549 2549
2658 2657 2549 2549
2658 2653 2549 2549
2658 2644 2549 2549
2658 2646 2549 2549
2658 2639 2549 2549
2658 2601 2549 2549
2658 2634 2549 2549
2658 2652 2549 2549
2658 1573 2549 2024
2658 2643 2549 2549
2658 2602 2549 2549
2658 132 2549 577
2658 2632 2549 2549
370 369 2550 2550
2203 2919 2092 3218
2203 2205 2092 2092
2801 2802 2050 2050
2703 2702 2197 2197
2703 2705 2197 2197
1859 1858 2559 2559
735 736 67 67
735 737 67 67
1090 1089 2564 2564
1589 1590 420 420
1459 1480 1138 1138
1459 1460 1138 1138
1459 1458 1138 1138
1459 1461 1138 1138
1459 1451 1138 1138
1459 1452 1138 1138
290 291 3037 3037
2621 2613 2549 2549
2621 2620 2549 2549
2621 2614 2549 2549
2693 2692 2571 2571
2693 2691 2571 2571
1236 1235 2965 2965
2497 2496 1854 1854
338 336 2576 2576
338 335 2576 2576
920 918 1188 1188
920 917 1188 1188
920 919 1188 1188
2994 2995 2370 2370
1653 1654 3243 3243
2708 2706 3084 3084
2708 2710 3084 3084
751 750 3160 3160
751 758 3160 3160
90 91 577 577
1052 1054 1188 1188
2064 2063 2092 2092
2064 2079 2092 2092
2064 2083 2092 2092
2064 2062 2092 2092
2064 2098 2092 2092
707 708 1361 1361
1138 1137 2593 2593
1138 1136 2593 2593
610 2060 3199 2092
3061 3060 2370 2370
421 416 2597 2597
421 413 2597 2597
421 420 2597 2597
421 418 2597 2597
421 419 2597 2597
1397 1395 241 241
1397 1377 241 241
1397 1378 241 241
1397 1375 241 241
3081 3141 2370 2370
3081 3023 2370 2370
3081 2025 2370 1250
3081 3097 2370 2370
2891 2888 3218 3218
2891 2926 3218 3218
2891 2893 3218 3218
2891 2898 3218 3218
2891 2885 3218 3218
2891 2892 3218 3218
2891 2928 3218 3218
2891 2878 3218 3218
2891 2900 3218 3218
2891 2901 3218 3218
2891 2866 3218 3218
2891 2203 3218 2092
2891 3159 3218 2370
2891 2930 3218 3218
2891 2902 3218 3218
1163 1166 234 234
1163 1161 234 234
1163 1159 234 234
1902 1909 3110 3110
1902 1917 3110 3110
1902 1905 3110 3110
2615 2619 2549 2549
2538 2539 2494 2494
1997 1996 2904 2904
1997 1999 2904 2904
1438 1437 241 241
1438 1436 241 241
1438 1435 241 241
2519 2518 1854 1854
2519 2517 1854 1854
3135 3136 2370 2370
3135 3141 2370 2370
3135 3026 2370 2370
3135 3143 2370 2370
3135 3167 2370 2370
3135 3049 2370 2370
2967 2968 2370 2370
474 473 1626 1626
2368 2367 2892 2892
2368 2366 2892 2892
198 199 2332 2332
2631 2629 2549 2549
2631 2632 2549 2549
562 560 3199 3199
562 561 3199 3199
1287 1286 2965 2965
389 388 2623 2623
1433 1431 241 241
1433 1430 241 241
244 243 2631 2631
2422 2421 2914 2914
201 200 2633 2633
644 645 3199 3199
2229 549 2092 3199
2229 2231 2092 2092
100 101 577 577
1649 1648 3243 3243
2295 2294 795 795
1988 1987 2643 2643
1250 1251 2965 2965
1250 1248 2965 2965
1250 1279 2965 2965
1250 1285 2965 2965
2886 569 3218 3199
2886 2885 3218 3218
2886 575 3218 3199
2886 570 3218 3199
2886 547 3218 3199
1601 1603 3243 3243
2966 2965 2370 2370
2966 3161 2370 2370
2966 3099 2370 2370
2966 2952 2370 2370
2966 3015 2370 2370
2966 3041 2370 2370
2966 2964 2370 2370
2966 2945 2370 2370
2966 2962 2370 2370
2966 2941 2370 2370
2966 2954 2370 2370
2966 2946 2370 2370
2966 3159 2370 2370
2966 3160 2370 2370
2966 2944 2370 2370
82 530 577 1626
2273 2270 795 795
2273 2267 795 795
2273 2271 795 795
2273 2277 795 795
2273 2275 795 795
2273 1924 795 2926
2273 2272 795 795
101 99 577 577
101 104 577 577
654 655 1360 1360
609 602 3199 3199
609 598 3199 3199
609 597 3199 3199
2129 2165 2092 2092
2129 2166 2092 2092
1713 1714 3183 3183
2101 2103 2092 2092
2101 2100 2092 2092
2362 2363 2892 2892
820 494 2375 1626
820 821 2375 2375
262 261 2661 2661
287 286 2662 2662
1445 1733 241 3183
1445 1444 241 241
1445 1442 241 241
1445 1698 241 3183
1445 1434 241 241
1445 1446 241 241
748 749 2409 2409
431 430 2666 2666
722 721 2669 2669
1885 1894 896 896
1885 1896 896 896
1885 1884 896 896
2696 2697 1377 1377
1123 1122 2675 2675
2220 2217 2092 2092
2220 2222 2092 2092
468 467 1626 1626
468 466 1626 1626
950 952 1188 1188
950 951 1188 1188
2950 2952 2370 2370
2055 2053 2092 2092
2055 2056 2092 2092
1306 1305 2965 2965
1306 1307 2965 2965
2970 2968 2370 2370
2970 2969 2370 2370
2970 2967 2370 2370
864 863 2690 2690
206 207 3128 3128
2954 2952 2370 2370
2954 3004 2370 2370
2954 3058 2370 2370
2954 3008 2370 2370
2954 2953 2370 2370
891 892 1188 1188
3089 3090 2370 2370
3089 3054 2370 2370
3089 3047 2370 2370
3089 3151 2370 2370
3089 2949 2370 2370
3089 3086 2370 2370
3089 3073 2370 2370
3089 2992 2370 2370
3089 3087 2370 2370
3089 3088 2370 2370
3089 3049 2370 2370
484 483 1626 1626
25 26 577 577
25 23 577 577
1442 1448 241 241
1442 1441 241 241
1442 1443 241 241
1188 1193 2965 2965
1188 1187 2965 2965
1188 1186 2965 2965
1239 1248 2965 2965
1239 1238 2965 2965
1239 1245 2965 2965
1328 1329 2965 2965
690 694 2406 2406
690 688 2406 2406
690 693 2406 2406
690 689 2406 2406
3202 3203 2043 2043
1143 1142 2707 2707
2248 2253 795 795
1495 1498 1138 1138
1605 1606 3243 3243
1605 1735 3243 3183
1605 1604 3243 3243
3257 3256 84 84
324 323 2716 2716
260 259 2717 2717
1535 1533 2024 2024
520 528 1626 1626
520 527 1626 1626
520 486 1626 1626
520 523 1626 1626
520 526 1626 1626
520 497 1626 1626
2187 2188 2092 2092
2677 2678 3235 3235
81 80 577 577
1056 1064 1188 1188
2395 2398 2914 2914
2395 2396 2914 2914
507 506 1626 1626
2108 2110 2092 2092
2948 2947 2370 2370
1766 1767 583 583
55 54 577 577
741 740 1685 1685
1451 1450 1138 1138
2253 2252 795 795
2253 2246 795 795
2253 2247 795 795
178 177 2741 2741
720 719 2742 2742
2940 2938 2370 2370
904 903 1188 1188
904 901 1188 1188
894 893 1188 1188
894 897 1188 1188
2453 1557 2914 2024
2450 2452 2914 2914
1401 1400 241 241
2543 2542 2759 2759
52 51 577 577
52 53 577 577
2000 2003 3215 3215
2000 2002 3215 3215
1590 1588 420 420
3263 3262 2771 2771
1023 1022 1188 1188
372 371 2776 2776
585 586 3199 3199
1096 1101 2450 2450
203 202 2780 2780
996 995 1188 1188
5 4 2782 2782
3100 3045 2370 2370
3100 3098 2370 2370
2410 2409 2914 2914
536 575 3199 3199
536 537 3199 3199
2583 2586 699 699
2986 2987 2370 2370
2986 2985 2370 2370
1018 999 1188 1188
1018 1016 1188 1188
1018 1039 1188 1188
794 793 2375 2375
794 2919 2375 3218
2805 2803 2801 2801
1675 1672 3243 3243
402 405 1569 1569
455 458 155 155
455 454 155 155
455 456 155 155
3002 2380 2370 2892
3002 3001 2370 2370
3002 3016 2370 2370
3002 2377 2370 2892
1076 1075 2815 2815
2301 2300 795 795
3156 3080 2370 2370
3156 3029 2370 2370
3156 2988 2370 2370
3156 790 2370 2375
3156 3155 2370 2370
3156 777 2370 2375
3156 3153 2370 2370
3156 609 2370 3199
3156 789 2370 2375
3156 3159 2370 2370
3156 3157 2370 2370
245 248 960 960
1081 1083 220 220
3250 3249 2826 2826
1698 1714 3183 3183
1698 1688 3183 3183
1698 2480 3183 2914
1698 1679 3183 3183
1698 1736 3183 3183
1698 1727 3183 3183
1698 1708 3183 3183
1698 1573 3183 2024
1698 1689 3183 3183
1698 1438 3183 241
1698 1697 3183 3183
1698 1690 3183 3183
1698 1693 3183 3183
1698 1696 3183 3183
1183 1195 2965 2965
1183 1177 2965 2965
1183 1182 2965 2965
1183 1194 2965 2965
1183 1176 2965 2965
1183 1179 2965 2965
1183 1181 2965 2965
547 551 3199 3199
547 544 3199 3199
547 537 3199 3199
1245 1244 2965 2965
1245 1243 2965 2965
2913 2911 3218 3218
2913 2912 3218 3218
1084 1086 957 957
2098 2099 2092 2092
2360 2365 2892 2892
2360 2359 2892 2892
2498 2500 1854 1854
2498 2502 1854 1854
2498 2527 1854 1854
2498 2499 1854 1854
2151 2153 2092 2092
2151 2149 2092 2092
2151 2150 2092 2092
1694 1696 3183 3183
910 911 1188 1188
2389 2387 2914 2914
2817 2816 2848 2848
2672 2671 2849 2849
1334 1336 2965 2965
2573 2572 2851 2851
2978 2981 2370 2370
2978 2977 2370 2370
1428 1430 241 241
352 353 2998 2998
352 356 2998 2998
2937 2940 2370 2370
692 695 2406 2406
3105 3106 2370 2370
726 725 2862 2862
2640 2638 2549 2549
2640 2648 2549 2549
2640 2636 2549 2549
2640 2637 2549 2549
2640 2601 2549 2549
2640 1928 2549 2926
2640 125 2549 577
2640 2603 2549 2549
2640 2658 2549 2549
2640 2635 2549 2549
663 662 2865 2865
789 790 2375 2375
789 783 2375 2375
789 788 2375 2375
789 784 2375 2375
789 791 2375 2375
326 325 2867 2867
289 288 2871 2871
293 292 955 955
2753 2752 2874 2874
3077 3076 2370 2370
435 434 2876 2876
1543 1544 2024 2024
2854 2851 928 928
2946 3015 2370 2370
2946 2949 2370 2370
2946 2945 2370 2370
2946 2943 2370 2370
2946 2386 2370 2892
2946 2944 2370 2370
1914 1915 3110 3110
1914 1911 3110 3110
1914 1912 3110 3110
2408 2407 2914 2914
2408 2410 2914 2914
2396 2394 2914 2914
2396 164 2914 577
2465 2464 2914 2914
807 814 2375 2375
807 796 2375 2375
807 805 2375 2375
807 2243 2375 795
807 804 2375 2375
807 806 2375 2375
807 803 2375 2375
807 767 2375 2375
807 797 2375 2375
2386 3006 2892 2370
3159 3161 2370 2370
3159 2943 2370 2370
3159 3158 2370 2370
3159 3160 2370 2370
3159 3157 2370 2370
1014 1016 1188 1188
2039 2038 1660 1660
1125 1124 2896 2896
1207 1210 2965 2965
1207 1208 2965 2965
1207 1209 2965 2965
1207 1213 2965 2965
1207 1206 2965 2965
2247 2246 795 795
1764 1763 2899 2899
1430 1429 241 241
2492 2486 1854 1854
2492 2485 1854 1854
2492 2487 1854 1854
2492 2489 1854 1854
1639 618 3243 3199
1639 1623 3243 3243
2037 2039 1660 1660
1999 1998 2904 2904
2113 2116 2092 2092
1873 1872 673 673
1873 1875 673 673
1608 1607 3243 3243
1608 1677 3243 3243
1242 1241 2965 2965
1242 1245 2965 2965
158 164 577 577
2241 2245 795 795
2241 2240 795 795
2241 2238 795 795
2482 2478 2914 2914
2482 2474 2914 2914
2482 2479 2914 2914
2482 84 2914 577
2482 499 2914 1626
2482 2472 2914 2914
2482 2481 2914 2914
2482 2449 2914 2914
2482 2459 2914 2914
868 869 2700 2700
868 867 2700 2700
986 985 1188 1188
986 984 1188 1188
986 992 1188 1188
2259 2260 795 795
3162 3161 2370 2370
3162 3160 2370 2370
305 303 2921 2921
305 304 2921 2921
1260 1266 2965 2965
1260 1259 2965 2965
2996 3001 2370 2370
2996 2999 2370 2370
1966 1925 2926 2926
1966 1961 2926 2926
1966 1926 2926 2926
1966 1965 2926 2926
1966 1927 2926 2926
1966 1962 2926 2926
1690 1699 3183 3183
1028 1027 1188 1188
2021 2018 1250 1250
2021 2020 1250 1250
377 379 565 565
588 614 3199 3199
588 587 3199 3199
1434 1438 241 241
1831 1833 1358 1358
2921 2920 3218 3218
3126 3127 2370 2370
2251 2253 795 795
2839 2840 1659 1659
1190 3013 2965 2370
1190 1189 2965 2965
1836 1834 2955 2955
2084 2080 2092 2092
1165 1164 234 234
1201 1202 2965 2965
696 697 74 74
2159 2158 2092 2092
2281 2258 795 795
2281 2280 795 795
2281 2276 795 795
2281 2273 795 795
2281 2279 795 795
2281 2278 795 795
1368 1367 2965 2965
1368 2050 2965 2092
1368 1365 2965 2965
787 786 2375 2375
787 2990 2375 2370
3110 3109 2370 2370
3110 3104 2370 2370
3110 3108 2370 2370
643 785 3199 2375
643 651 3199 3199
14 32 577 577
14 16 577 577
14 42 577 577
953 997 1188 1188
953 1003 1188 1188
953 955 1188 1188
953 999 1188 1188
953 952 1188 1188
953 962 1188 1188
953 992 1188 1188
953 950 1188 1188
813 814 2375 2375
738 739 67 67
268 269 2384 2384
2016 2017 2164 2164
2016 2007 2164 2164
1443 1448 241 241
1443 1441 241 241
1443 1446 241 241
1332 1337 2965 2965
976 973 1188 1188
2071 2070 2092 2092
2371 762 2892 2375
2371 2372 2892 2892
2036 2046 1660 1660
1550 1548 2024 2024
1550 1551 2024 2024
1550 1549 2024 2024
1991 1992 3063 3063
312 309 2995 2995
312 307 2995 2995
312 306 2995 2995
477 476 1626 1626
477 475 1626 1626
477 474 1626 1626
876 875 1114 1114
356 353 2998 2998
356 354 2998 2998
923 922 1188 1188
478 479 1626 1626
341 339 1545 1545
341 340 1545 1545
3103 3101 2370 2370
3103 3102 2370 2370
2225 2224 2092 2092
2225 2230 2092 2092
2225 2167 2092 2092
2225 2232 2092 2092
2225 2226 2092 2092
56 64 577 577
56 55 577 577
56 52 577 577
56 53 577 577
2545 2544 3008 3008
2013 2009 2164 2164
2013 2012 2164 2164
2674 2673 3014 3014
2819 2818 3019 3019
1314 1315 2965 2965
1025 1024 1188 1188
763 795 2375 2375
763 771 2375 2375
763 769 2375 2375
763 782 2375 2375
1296 1295 2965 2965
1296 1299 2965 2965
104 103 577 577
104 164 577 577
104 95 577 577
104 102 577 577
104 1736 577 3183
104 1396 577 241
104 82 577 577
104 157 577 577
3030 3032 2370 2370
3008 3010 2370 2370
1369 1370 241 241
767 768 2375 2375
767 766 2375 2375
767 791 2375 2375
1237 1228 2965 2965
1237 1236 2965 2965
1237 1239 2965 2965
86 85 577 577
2449 2448 2914 2914
2449 2447 2914 2914
1948 1956 2926 2926
1948 1942 2926 2926
1948 1946 2926 2926
1525 1527 2024 2024
437 436 3048 3048
3087 3090 2370 2370
3087 3047 2370 2370
3087 2949 2370 2370
3087 3086 2370 2370
3087 3073 2370 2370
3087 2966 2370 2370
3087 3156 2370 2370
3087 3049 2370 2370
848 847 3052 3052
1935 1933 2926 2926
1935 1931 2926 2926
1935 1936 2926 2926
1935 1943 2926 2926
1935 1937 2926 2926
1935 1934 2926 2926
1205 1225 2965 2965
1205 1185 2965 2965
1205 1323 2965 2965
1205 1349 2965 2965
1205 1203 2965 2965
1205 1223 2965 2965
1205 1204 2965 2965
1205 1214 2965 2965
1205 1308 2965 2965
1205 1358 2965 2965
1205 1346 2965 2965
1205 1347 2965 2965
1205 1202 2965 2965
2459 2458 2914 2914
1048 1051 1188 1188
2797 2799 731 731
2797 2798 731 731
2676 2675 3069 3069
2311 2310 795 795
2311 2308 795 795
2311 2303 795 795
2311 2294 795 795
1213 1211 2965 2965
1213 1212 2965 2965
2286 2284 795 795
345 347 1545 1545
345 343 1545 1545
1592 1593 420 420
884 890 162 162
684 687 2406 2406
1830 1829 3081 3081
3049 3043 2370 2370
3049 3136 2370 2370
3049 3015 2370 2370
3049 2988 2370 2370
3049 3047 2370 2370
3049 3066 2370 2370
3049 3026 2370 2370
3049 3048 2370 2370
3049 3086 2370 2370
3049 3016 2370 2370
3049 3007 2370 2370
3049 3042 2370 2370
3049 2962 2370 2370
3049 2991 2370 2370
3049 3056 2370 2370
3049 3093 2370 2370
3049 3081 2370 2370
3049 2955 2370 2370
3049 3002 2370 2370
3049 787 2370 2375
3049 2371 2370 2892
3049 3103 2370 2370
3049 3088 2370 2370
3049 3044 2370 2370
640 762 3199 2375
640 650 3199 3199
640 624 3199 3199
640 631 3199 3199
640 542 3199 3199
640 646 3199 3199
640 3015 3199 2370
640 615 3199 3199
640 3001 3199 2370
640 827 3199 2375
640 616 3199 3199
640 575 3199 3199
640 570 3199 3199
640 2060 3199 2092
640 581 3199 3199
640 632 3199 3199
640 617 3199 3199
640 537 3199 3199
640 610 3199 3199
640 609 3199 3199
640 1639 3199 3243
640 620 3199 3199
640 651 3199 3199
2710 2709 3084 3084
2710 2706 3084 3084
1705 1704 3183 3183
1705 1706 3183 3183
1880 1882 2541 2541
2195 2196 2092 2092
2195 608 2092 3199
2195 2194 2092 2092
757 756 3160 3160
757 758 3160 3160
757 754 3160 3160
1452 1480 1138 1138
1452 1451 1138 1138
1452 1242 1138 2965
818 817 2375 2375
2188 2190 2092 2092
2095 2098 2092 2092
328 327 3096 3096
1270 1271 2965 2965
2356 2355 2892 2892
2356 2354 2892 2892
728 727 3102 3102
2555 2557 821 821
1660 1657 3243 3243
1660 1659 3243 3243
1660 1677 3243 3243
1279 1267 2965 2965
1279 1258 2965 2965
1279 1284 2965 2965
1279 1289 2965 2965
1279 1283 2965 2965
1279 1338 2965 2965
2871 2870 3218 3218
2871 2869 3218 3218
2180 2179 2092 2092
1922 1921 3110 3110
1922 1917 3110 3110
1922 1911 3110 3110
1922 1919 3110 3110
1922 1918 3110 3110
1407 1404 241 241
1407 1466 241 1138
1407 1406 241 241
1407 1405 241 241
1407 1401 241 241
1407 1403 241 241
76 75 577 577
1718 1721 3183 3183
2239 2241 795 795
3010 3009 2370 2370
1952 1956 2926 2926
2028 2027 1250 1250
2028 2026 1250 1250
1527 1529 2024 2024
1527 1526 2024 2024
1527 1534 2024 2024
2990 3025 2370 2370
2990 3094 2370 2370
2990 2968 2370 2370
2990 3024 2370 2370
2990 2989 2370 2370
2990 2970 2370 2370
508 507 1626 1626
2152 2153 2092 2092
2152 2104 2092 2092
2152 2156 2092 2092
3070 3069 2370 2370
3070 3074 2370 2370
2606 2607 2549 2549
797 796 2375 2375
514 512 1626 1626
2023 2022 1250 1250
2023 2020 1250 1250
897 895 1188 1188
897 893 1188 1188
897 896 1188 1188
2458 2457 2914 2914
2141 2140 2092 2092
2141 2137 2092 2092
397 396 3150 3150
397 394 3150 3150
1576 1575 420 420
2210 2209 2092 2092
2210 2208 2092 2092
2210 2202 2092 2092
2210 2200 2092 2092
2210 2286 2092 795
2210 2228 2092 2092
2582 2580 3156 3156
2582 2581 3156 3156
3230 3232 1792 1792
3230 3229 1792 1792
2006 2005 2164 2164
3157 3073 2370 2370
760 759 3160 3160
760 750 3160 3160
760 758 3160 3160
760 757 3160 3160
10 11 577 577
1206 1209 2965 2965
1206 1211 2965 2965
2127 2169 2092 2092
2127 2157 2092 2092
2127 2161 2092 2092
2127 2223 2092 2092
2127 2128 2092 2092
2127 2148 2092 2092
2127 2164 2092 2092
2127 2129 2092 2092
2127 2151 2092 2092
2127 2152 2092 2092
2127 2145 2092 2092
2283 2285 795 795
2283 2282 795 795
2283 2286 795 795
620 624 3199 3199
620 621 3199 3199
628 631 3199 3199
628 627 3199 3199
628 637 3199 3199
2959 2960 2370 2370
2959 2958 2370 2370
2959 2966 2370 2370
2959 2946 2370 2370
1879 1880 2541 2541
1893 1891 896 896
1378 1377 241 241
1378 1379 241 241
1378 1375 241 241
376 375 3180 3180
1423 1422 241 241
1750 1728 3183 3183
1750 1738 3183 3183
1750 1749 3183 3183
1750 1745 3183 3183
1750 1744 3183 3183
1750 1679 3183 3183
1750 1742 3183 3183
1750 1743 3183 3183
211 210 3185 3185
267 266 3187 3187
2145 2130 2092 2092
2145 2153 2092 2092
2145 3015 2092 2370
2145 2102 2092 2092
2145 2144 2092 2092
374 373 3191 3191
504 505 1626 1626
504 503 1626 1626
3044 3045 2370 2370
3044 3047 2370 2370
1285 1284 2965 2965
1703 1701 3183 3183
1703 1707 3183 3183
651 618 3199 3199
651 650 3199 3199
651 646 3199 3199
651 549 3199 3199
651 2378 3199 2892
651 2242 3199 795
651 2381 3199 2892
651 644 3199 3199
651 547 3199 3199
651 628 3199 3199
1331 1330 2965 2965
1331 1320 2965 2965
1331 1329 2965 2965
1080 1079 3202 3202
3096 3013 2370 2370
1804 1803 3207 3207
1403 1402 241 241
1151 1150 2227 2227
2430 2429 2914 2914
2430 2428 2914 2914
2430 2433 2914 2914
2430 2434 2914 2914
2430 2432 2914 2914
2430 2405 2914 2914
2430 2411 2914 2914
2430 2417 2914 2914
2430 2425 2914 2914
1884 1883 896 896
2004 2003 3215 3215
2004 2000 3215 3215
2635 2639 2549 2549
2635 2634 2549 2549
2635 2633 2549 2549
2930 2927 3218 3218
2930 2918 3218 3218
2930 2919 3218 3218
2930 2929 3218 3218
409 408 3220 3220
2228 2213 2092 2092
2228 2230 2092 2092
2228 2232 2092 2092
2228 2227 2092 2092
2228 2226 2092 2092
2339 2342 2892 2892
2007 2005 2164 2164
264 263 3227 3227
1888 1890 896 896
380 382 1205 1205
1825 1826 2754 2754
1569 1568 2024 2024
1569 1558 2024 2024
1569 1559 2024 2024
1569 1563 2024 2024
1569 1566 2024 2024
1569 1567 2024 2024
1569 1560 2024 2024
2944 2945 2370 2370
2944 2941 2370 2370
2944 547 2370 3199
1696 1714 3183 3183
1696 1688 3183 3183
1696 1695 3183 3183
1696 1702 3183 3183
1696 1692 3183 3183
1696 1711 3183 3183
1696 1693 3183 3183
1375 1376 241 241
1375 1379 241 241
1375 1374 241 241
112 114 577 577
112 111 577 577
1677 1671 3243 3243
1677 1667 3243 3243
1677 1653 3243 3243
1677 1675 3243 3243
1677 1676 3243 3243
781 789 2375 2375
1145 1149 771 771
1676 1671 3243 3243
1676 1675 3243 3243
1455 1454 1138 1138
1455 1453 1138 1138
730 729 3250 3250
2608 2638 2549 2549
2608 2616 2549 2549
2608 2607 2549 2549
228 226 3253 3253
228 227 3253 3253
2902 2893 3218 3218
2902 2904 3218 3218
2902 2894 3218 3218
2902 2892 3218 3218
2902 2907 3218 3218
2902 2897 3218 3218
2902 2928 3218 3218
2902 2900 3218 3218
2902 2901 3218 3218
2902 2866 3218 3218
2902 3167 3218 2370
2902 2903 3218 3218
2902 2930 3218 3218
987 985 1188 1188
987 982 1188 1188
987 1530 1188 2024
987 979 1188 1188
987 984 1188 1188
987 992 1188 1188
987 986 1188 1188
987 953 1188 1188
2425 2424 2914 2914
2425 2420 2914 2914
2425 2422 2914 2914
2425 2423 2914 2914
535 536 3199 3199
819 820 2375 2375
1021 1023 1188 1188
1021 1037 1188 1188
